       6      1.00000     0.596486    0.0690741    0.0226292    0.0106651
   0.00605327     0.221750     0.247590
       6      1.99530     0.564402    0.0723950    0.0242075    0.0114737
   0.00648188     0.243376     0.159490
       6      3.98110     0.527895    0.0753086    0.0257681    0.0122929
   0.00691451     0.268765     0.101970
       6      7.94330     0.490789    0.0774307    0.0271221    0.0130128
   0.00730802     0.298834    0.0645810
       6      15.8490     0.443313    0.0777268    0.0279830    0.0134925
   0.00758550     0.334695    0.0404040
       6      31.6230     0.393756    0.0759964    0.0280545    0.0135971
   0.00765561     0.377332    0.0248770
       6      63.0960     0.343770    0.0719559    0.0271118    0.0132060
   0.00744443     0.427052    0.0150010
       6      125.890     0.295138    0.0658487    0.0251670    0.0122925
   0.00694116     0.482503   0.00880720
       6      251.190     0.250196    0.0584547    0.0225217    0.0109929
   0.00622247     0.539987   0.00500160
       6      501.190     0.210348    0.0507912    0.0196334   0.00955151
   0.00542154     0.594269   0.00272890
       6      1000.00     0.177822    0.0437741    0.0169129   0.00818946
   0.00466030     0.640575   0.00142180
       7      1.00000     0.604172    0.0674018    0.0219580    0.0103289
   0.00587090     0.213063     0.350830
       7      1.99530     0.573857    0.0707064    0.0234979    0.0111107
   0.00628982     0.233255     0.226640
       7      3.98110     0.546308    0.0742062    0.0251000    0.0119379
   0.00672535     0.256884     0.145400
       7      7.94330     0.510976    0.0768101    0.0265788    0.0127196
   0.00714431     0.284752    0.0924980
       7      15.8490     0.465388    0.0778772    0.0276956    0.0133245
   0.00748598     0.317923    0.0582060
       7      31.6230     0.416630    0.0771034    0.0281559    0.0136127
   0.00765977     0.357444    0.0361120
       7      63.0960     0.366480    0.0740927    0.0276810    0.0134543
   0.00757992     0.404060    0.0219930
       7      125.890     0.316750    0.0688305    0.0261613    0.0127672
   0.00720093     0.457268    0.0130770
       7      251.190     0.269706    0.0618797    0.0237757    0.0116126
   0.00656149     0.514382   0.00754420
       7      501.190     0.221467    0.0535333    0.0208517    0.0101840
   0.00577216     0.570635   0.00419410
       7      1000.00     0.191582    0.0468043    0.0180967   0.00878042
   0.00498390     0.620750   0.00223230
       8      1.00000     0.611456    0.0660304    0.0213938    0.0100473
   0.00571712     0.205872     0.474300
       8      1.99530     0.582989    0.0692825    0.0228828    0.0107973
   0.00612314     0.224887     0.307150
       8      3.98110     0.560932    0.0730733    0.0244839    0.0116147
   0.00655514     0.247083     0.197610
       8      7.94330     0.526655    0.0759842    0.0260302    0.0124276
   0.00698565     0.273183     0.126150
       8      15.8490     0.482984    0.0776251    0.0273166    0.0131172
   0.00736636     0.304132    0.0797450
       8      31.6230     0.435530    0.0776249    0.0280669    0.0135442
   0.00761624     0.341063    0.0497680
       8      63.0960     0.385823    0.0755121    0.0279804    0.0135739
   0.00764405     0.384887    0.0305440
       8      125.890     0.335596    0.0710840    0.0268599    0.0130935
   0.00738258     0.435670    0.0183430
       8      251.190     0.287364    0.0646970    0.0247721    0.0121020
   0.00683628     0.491702    0.0107140
       8      501.190     0.243282    0.0571898    0.0220530    0.0107595
   0.00609416     0.548863   0.00604650
       8      1000.00     0.204548    0.0495793    0.0191686   0.00931753
   0.00529296     0.601808   0.00327480
      10      1.00000     0.629025    0.0642657    0.0205505   0.00962507
   0.00548316     0.194948     0.782620
      10      1.99530     0.609464    0.0676305    0.0219408    0.0103151
   0.00586276     0.212166     0.508800
      10      3.98110     0.584133    0.0711348    0.0234802    0.0110933
   0.00628002     0.232204     0.328810
      10      7.94330     0.551076    0.0743330    0.0250672    0.0119166
   0.00671393     0.255612     0.211050
      10      15.8490     0.511773    0.0767686    0.0265437    0.0126989
   0.00713319     0.283242     0.134320
      10      31.6230     0.466380    0.0778595    0.0276702    0.0133099
   0.00747743     0.316104    0.0845670
      10      63.0960     0.413418    0.0769181    0.0281410    0.0136078
   0.00765683     0.355283    0.0524990
      10      125.890     0.363541    0.0739583    0.0276935    0.0134635
   0.00758597     0.401519    0.0319960
      10      251.190     0.300937    0.0659371    0.0257873    0.0126955
   0.00718708     0.454348    0.0190420
      10      501.190     0.269467    0.0619953    0.0238460    0.0116512
   0.00658619     0.511121    0.0109970
      10      1000.00     0.222641    0.0537312    0.0209332    0.0102280
   0.00580194     0.567108   0.00612070
      12      1.00000     0.649934    0.0640078    0.0203103   0.00949375
   0.00541086     0.190279      1.15420
      12      1.99530     0.631835    0.0671902    0.0216136    0.0101371
   0.00576889     0.206395     0.753070
      12      3.98110     0.608230    0.0705804    0.0230660    0.0108649
   0.00616425     0.224775     0.489200
      12      7.94330     0.576889    0.0738148    0.0246010    0.0116537
   0.00658131     0.245963     0.316060
      12      15.8490     0.538192    0.0764861    0.0260957    0.0124433
   0.00699732     0.270699     0.202760
      12      31.6230     0.494210    0.0781125    0.0273632    0.0131265
   0.00737094     0.299953     0.128860
      12      63.0960     0.442081    0.0780006    0.0281352    0.0135680
   0.00762813     0.334867    0.0808770
      12      125.890     0.390003    0.0759298    0.0281297    0.0136394
   0.00768095     0.376567    0.0499220
      12      251.190     0.341010    0.0718882    0.0271538    0.0132302
   0.00746115     0.425520    0.0301490
      12      501.190     0.281974    0.0633910    0.0248527    0.0122317
   0.00693159     0.480526    0.0177060
      12      1000.00     0.250318    0.0585929    0.0225995    0.0110288
   0.00624743     0.538156    0.0100430
      13      1.00000     0.641990    0.0622890    0.0196967   0.00919923
   0.00524353     0.183456      1.40470
      13      1.99530     0.625203    0.0653373    0.0209406   0.00981215
   0.00558641     0.198838     0.917280
      13      3.98110     0.604379    0.0687393    0.0223712    0.0105249
   0.00597655     0.216645     0.595630
      13      7.94330     0.576614    0.0721539    0.0239295    0.0113183
   0.00639973     0.237371     0.384420
      13      15.8490     0.542502    0.0752074    0.0255038    0.0121410
   0.00683312     0.261649     0.246330
      13      31.6230     0.500180    0.0772762    0.0269122    0.0128930
   0.00724038     0.290348     0.156440
      13      63.0960     0.451190    0.0778009    0.0278965    0.0134379
   0.00755209     0.324526    0.0982140
      13      125.890     0.402081    0.0765243    0.0281648    0.0136381
   0.00767712     0.365229    0.0607400
      13      251.190     0.353168    0.0730652    0.0274637    0.0133678
   0.00753506     0.412961    0.0368340
      13      501.190     0.291398    0.0646915    0.0253390    0.0124772
   0.00706815     0.466804    0.0217800
      13      1000.00     0.259782    0.0602466    0.0232062    0.0113368
   0.00641752     0.523469    0.0124760
      14      1.00000     0.658222    0.0630160    0.0198476   0.00926120
   0.00527897     0.183793      1.62580
      14      1.99530     0.640924    0.0659600    0.0210684   0.00986273
   0.00561687     0.198956      1.06300
      14      3.98110     0.619794    0.0692514    0.0224521    0.0105513
   0.00599529     0.216185     0.692230
      14      7.94330     0.591455    0.0725406    0.0239525    0.0113138
   0.00640318     0.235922     0.448580
      14      15.8490     0.556670    0.0755155    0.0254762    0.0121096
   0.00682126     0.258866     0.288860
      14      31.6230     0.513368    0.0775704    0.0268621    0.0128522
   0.00721867     0.285846     0.184470
      14      63.0960     0.463271    0.0781822    0.0278789    0.0134148
   0.00753736     0.317974     0.116500
      14      125.890     0.413466    0.0771539    0.0282577    0.0136675
   0.00769176     0.356464    0.0724870
      14      251.190     0.365054    0.0741397    0.0277397    0.0134867
   0.00760012     0.402184    0.0442260
      14      501.190     0.315582    0.0688552    0.0262120    0.0127954
   0.00722075     0.454860    0.0263070
      14      1000.00     0.270400    0.0620515    0.0238637    0.0116586
   0.00659178     0.512115    0.0151550
      16      1.00000     0.664486    0.0622547    0.0194856   0.00907723
   0.00517306     0.178430      2.18640
      16      1.99530     0.648164    0.0650131    0.0206358   0.00964399
   0.00549367     0.192842      1.43190
      16      3.98110     0.628871    0.0681730    0.0219541    0.0102969
   0.00585601     0.209145     0.934330
      16      7.94330     0.603826    0.0714836    0.0234099    0.0110310
   0.00625266     0.227757     0.606920
      16      15.8490     0.570975    0.0745682    0.0249298    0.0118180
   0.00666804     0.249267     0.391990
      16      31.6230     0.531755    0.0770335    0.0263844    0.0125913
   0.00707691     0.274462     0.251270
      16      63.0960     0.486171    0.0783314    0.0275718    0.0132376
   0.00743416     0.304358     0.159460
      16      125.890     0.437440    0.0780440    0.0282333    0.0136255
   0.00766262     0.340198    0.0998360
      16      251.190     0.386984    0.0757465    0.0280874    0.0136283
   0.00767566     0.383068    0.0613990
      16      501.190     0.337001    0.0712822    0.0269551    0.0131425
   0.00741171     0.433327    0.0368890
      16      1000.00     0.289250    0.0649725    0.0249007    0.0121682
   0.00687476     0.489472    0.0215150
      18      1.00000     0.669953    0.0617094    0.0192002   0.00893039
   0.00508804     0.173900      2.83760
      18      1.99530     0.654324    0.0642962    0.0202903   0.00946783
   0.00539355     0.187679      1.86110
      18      3.98110     0.636408    0.0673171    0.0215468    0.0100891
   0.00574096     0.203223      1.21640
      18      7.94330     0.613393    0.0705690    0.0229558    0.0107951
   0.00612624     0.220917     0.791700
      18      15.8490     0.582910    0.0737185    0.0244583    0.0115664
   0.00653626     0.241270     0.512580
      18      31.6230     0.546035    0.0764189    0.0259462    0.0123523
   0.00694953     0.265004     0.329580
      18      63.0960     0.502819    0.0781489    0.0272454    0.0130545
   0.00733098     0.293085     0.209970
      18      125.890     0.454776    0.0784194    0.0281148    0.0135448
   0.00761363     0.326703     0.132120
      18      251.190     0.404902    0.0768411    0.0282746    0.0136940
   0.00771063     0.367075    0.0817790
      18      501.190     0.354842    0.0731289    0.0274949    0.0133876
   0.00754781     0.414939    0.0495350
      18      1000.00     0.306292    0.0674146    0.0257433    0.0125782
   0.00710178     0.469605    0.0291820
      20      1.00000     0.674775    0.0613253    0.0189701   0.00881003
   0.00501750     0.169960      3.58190
      20      1.99530     0.659677    0.0637553    0.0200076   0.00932211
   0.00530997     0.183195      2.35230
      20      3.98110     0.642769    0.0666355    0.0212091   0.00991547
   0.00564379     0.198103      1.53960
      20      7.94330     0.621380    0.0697963    0.0225690    0.0105939
   0.00601718     0.214993      1.00380
      20      15.8490     0.593731    0.0729969    0.0240452    0.0113467
   0.00642017     0.234375     0.651220
      20      31.6230     0.558286    0.0758132    0.0255456    0.0121335
   0.00683431     0.256884     0.419800
      20      63.0960     0.516950    0.0778554    0.0269196    0.0128729
   0.00723008     0.283448     0.268310
      20      125.890     0.470173    0.0785841    0.0279450    0.0134411
   0.00755144     0.315165     0.169540
      20      251.190     0.421117    0.0776202    0.0283547    0.0137098
   0.00771549     0.353370     0.105490
      20      501.190     0.371224    0.0745831    0.0278849    0.0135563
   0.00764014     0.398999    0.0643310
      20      1000.00     0.322221    0.0694626    0.0264302    0.0129028
   0.00728221     0.451986    0.0382180
      26      1.00000     0.687129    0.0608766    0.0185193   0.00855935
   0.00486747     0.160603      6.39030
      26      1.99530     0.673986    0.0630060    0.0194416   0.00901615
   0.00513056     0.172592      4.20940
      26      3.98110     0.658188    0.0654231    0.0205049   0.00954317
   0.00543075     0.186030      2.76440
      26      7.94330     0.640223    0.0682667    0.0217317    0.0101525
   0.00577231     0.201161      1.80930
      26      15.8490     0.617417    0.0713355    0.0231093    0.0108457
   0.00615171     0.218358      1.17930
      26      31.6230     0.587533    0.0743164    0.0245847    0.0116070
   0.00655770     0.238182     0.764500
      26      63.0960     0.551517    0.0769099    0.0260555    0.0123883
   0.00696964     0.261318     0.492120
      26      125.890     0.509500    0.0786045    0.0273574    0.0130977
   0.00735478     0.288817     0.313780
      26      251.190     0.462868    0.0789391    0.0282612    0.0136099
   0.00764996     0.321896     0.197520
      26      501.190     0.414629    0.0775318    0.0284947    0.0137994
   0.00776999     0.361886     0.122240
      26      1000.00     0.366343    0.0740667    0.0278282    0.0135506
   0.00764114     0.409744    0.0739730
      28      1.00000     0.691424    0.0609706    0.0184415   0.00851075
   0.00483597     0.158184      7.51720
      28      1.99530     0.678630    0.0630078    0.0193356   0.00895454
   0.00509211     0.169859      4.95570
      28      3.98110     0.663281    0.0653090    0.0203639   0.00946508
   0.00538376     0.182922      3.25740
      28      7.94330     0.646116    0.0680492    0.0215547    0.0100565
   0.00571659     0.197619      2.13400
      28      15.8490     0.624577    0.0710514    0.0229005    0.0107325
   0.00608884     0.214291      1.39250
      28      31.6230     0.596198    0.0740205    0.0243584    0.0114812
   0.00649055     0.233425     0.904060
      28      63.0960     0.561829    0.0767054    0.0258401    0.0122645
   0.00690374     0.255751     0.582990
      28      125.890     0.521253    0.0786004    0.0271954    0.0130006
   0.00730005     0.282190     0.372550
      28      251.190     0.475691    0.0792418    0.0282091    0.0135685
   0.00762399     0.313967     0.235190
      28      501.190     0.428217    0.0782519    0.0286173    0.0138425
   0.00779226     0.352464     0.146080
      28      1000.00     0.380276    0.0752594    0.0281679    0.0137019
   0.00772520     0.398768    0.0888160
