       6      1.00000     0.603466    0.0420742     0.155082    0.0205640
   0.00705709   0.00340532   0.00195470     0.161609     0.150320
       6      1.99530     0.598461    0.0406144     0.148384    0.0218664
   0.00766669   0.00372286   0.00212596     0.180768    0.0950170
       6      3.98110     0.587118    0.0389812     0.141731    0.0230960
   0.00827382   0.00404293   0.00230082     0.203654    0.0595570
       6      7.94330     0.569717    0.0364618     0.131195    0.0238778
   0.00879376   0.00432138   0.00245870     0.231138    0.0369640
       6      15.8490     0.545671    0.0334684     0.119186    0.0241039
   0.00912375   0.00450653   0.00256681     0.264324    0.0226620
       6      31.6230     0.515198    0.0301271     0.106353    0.0236074
   0.00915329   0.00454328   0.00258978     0.304255    0.0136790
       6      63.0960     0.479445    0.0265853    0.0932867    0.0223372
   0.00881487   0.00438907   0.00250318     0.351444   0.00809290
       6      125.890     0.440566    0.0230484    0.0806723    0.0204242
   0.00813850   0.00404873   0.00231136     0.404872   0.00466740
       6      251.190     0.401450    0.0196819    0.0688856    0.0181323
   0.00724571   0.00358681   0.00205046     0.461270   0.00260780
       6      501.190     0.364848    0.0167617    0.0588677    0.0157961
   0.00629391   0.00309242   0.00176995     0.515765   0.00140250
       6      1000.00     0.332885    0.0143389    0.0505570    0.0136733
   0.00541680   0.00263926   0.00151152     0.563524  0.000721780
       7      1.00000     0.550521     0.101148     0.158855    0.0200791
   0.00681577   0.00327653   0.00188403     0.148844     0.226640
       7      1.99530     0.548178    0.0984447     0.153751    0.0214176
   0.00740071   0.00357649   0.00204633     0.165584     0.144090
       7      3.98110     0.540933    0.0948020     0.147232    0.0226940
   0.00800613   0.00389257   0.00221677     0.185459    0.0909040
       7      7.94330     0.528539    0.0893241     0.137559    0.0236413
   0.00856632   0.00418957   0.00238179     0.209206    0.0568340
       7      15.8490     0.510402    0.0826024     0.126031    0.0241283
   0.00899028   0.00442021   0.00251483     0.237801    0.0351390
       7      31.6230     0.486507    0.0749901     0.113433    0.0239795
   0.00916974   0.00453161   0.00258151     0.272294    0.0214180
       7      63.0960     0.457346    0.0667665     0.100296    0.0230732
   0.00901279   0.00447243   0.00255156     0.313529    0.0128170
       7      125.890     0.424258    0.0583544    0.0872983    0.0214471
   0.00849894   0.00422353   0.00241303     0.361310   0.00749190
       7      251.190     0.389566    0.0502527    0.0750976    0.0193142
   0.00770977   0.00382279   0.00218647     0.413652   0.00425140
       7      501.190     0.355909    0.0428143    0.0640395    0.0169800
   0.00678865   0.00334879   0.00191665     0.466566   0.00232700
       7      1000.00     0.325459    0.0365593    0.0548657    0.0147518
   0.00588110   0.00288140   0.00164940     0.515408   0.00122080
       8      1.00000     0.510328     0.144286     0.161482    0.0196273
   0.00661725   0.00317031   0.00182460     0.139256     0.320970
       8      1.99530     0.509640     0.141474     0.157783    0.0209880
   0.00717364   0.00345394   0.00198033     0.154342     0.204870
       8      3.98110     0.505478     0.136803     0.151780    0.0222982
   0.00776344   0.00376214   0.00214749     0.172203     0.129800
       8      7.94330     0.496928     0.129736     0.142785    0.0233677
   0.00833633   0.00406820   0.00231592     0.193479    0.0815490
       8      15.8490     0.483405     0.120900     0.131905    0.0240646
   0.00882167   0.00433062   0.00246543     0.219023    0.0507070
       8      31.6230     0.464715     0.110618     0.119629    0.0242046
   0.00912127   0.00449947   0.00256417     0.249855    0.0311180
       8      63.0960     0.440946    0.0993163     0.106594    0.0236307
   0.00912552   0.00452019   0.00257885     0.286951    0.0187760
       8      125.890     0.412864    0.0875174    0.0934145    0.0223028
   0.00877086   0.00435538   0.00248790     0.330654    0.0110850
       8      251.190     0.382143    0.0758850    0.0807939    0.0203623
   0.00809458   0.00401755   0.00229758     0.379850   0.00636620
       8      501.190     0.351295    0.0649061    0.0690618    0.0180830
   0.00722089   0.00357076   0.00204493     0.431470   0.00353350
       8      1000.00     0.322216    0.0554988    0.0591727    0.0158001
   0.00630240   0.00309826   0.00177519     0.481070   0.00188330
      10      1.00000     0.477876     0.176249     0.166495    0.0190693
   0.00629804   0.00300281   0.00172787     0.125213     0.568390
      10      1.99530     0.480417     0.173157     0.162901    0.0203270
   0.00681651   0.00326294   0.00187296     0.138219     0.364350
      10      3.98110     0.480745     0.168299     0.157454    0.0216409
   0.00739328   0.00355794   0.00203433     0.153599     0.231890
      10      7.94330     0.477245     0.161510     0.150160    0.0228961
   0.00799532   0.00387283   0.00220548     0.171871     0.146430
      10      15.8490     0.469451     0.152368     0.140596    0.0239035
   0.00856563   0.00417684   0.00237436     0.193727    0.0916240
      10      31.6230     0.457102     0.141083     0.129066    0.0244795
   0.00902334   0.00442547   0.00251670     0.220074    0.0566810
      10      63.0960     0.439770     0.128239     0.116331    0.0244439
   0.00926318   0.00456584   0.00259830     0.251920    0.0345590
      10      125.890     0.416920     0.115122     0.103917    0.0237080
   0.00918410   0.00454480   0.00258654     0.290092    0.0206800
      10      251.190     0.390581     0.101185    0.0909700    0.0222035
   0.00874170   0.00433505   0.00246527     0.334547    0.0120820
      10      501.190     0.362066    0.0876716    0.0787102    0.0201436
   0.00800168   0.00396486   0.00225144     0.383601   0.00684930
      10      1000.00     0.333663    0.0752504    0.0675901    0.0178321
   0.00710394   0.00350768   0.00198834     0.433655   0.00374330
      12      1.00000     0.471644     0.199225     0.170744    0.0192845
   0.00628263   0.00298321   0.00171136     0.118773     0.873180
      12      1.99530     0.473248     0.195865     0.167469    0.0204492
   0.00675711   0.00321963   0.00184415     0.130202     0.563700
      12      3.98110     0.472678     0.190728     0.162608    0.0216858
   0.00728844   0.00348805   0.00199215     0.143447     0.361980
      12      7.94330     0.468843     0.183549     0.155857    0.0229164
   0.00785569   0.00378096   0.00215096     0.158970     0.230930
      12      15.8490     0.461310     0.173819     0.146841    0.0239762
   0.00841892   0.00407880   0.00231337     0.177401     0.146110
      12      31.6230     0.450208     0.161750     0.135742    0.0247119
   0.00891898   0.00434846   0.00246505     0.199659    0.0914310
      12      63.0960     0.435204     0.148343     0.123636    0.0249856
   0.00927295   0.00454605   0.00257879     0.226858    0.0563920
      12      125.890     0.416247     0.134422     0.111455    0.0246651
   0.00938403   0.00462213   0.00262328     0.260286    0.0341240
      12      251.190     0.394649     0.119685    0.0987839    0.0236283
   0.00917382   0.00453437   0.00257312     0.300948    0.0201470
      12      501.190     0.371243     0.105246    0.0866438    0.0219792
   0.00864602   0.00427752   0.00242563     0.348860    0.0115310
      12      1000.00     0.347707    0.0918676    0.0755941    0.0199497
   0.00789562   0.00389833   0.00220854     0.402285   0.00635420
      13      1.00000     0.446744     0.207702     0.166719    0.0188699
   0.00610360   0.00289189   0.00165475     0.112260      1.08890
      13      1.99530     0.450356     0.205170     0.164293    0.0200555
   0.00657823   0.00312706   0.00178724     0.123327     0.701490
      13      3.98110     0.453206     0.201355     0.160740    0.0213843
   0.00713018   0.00340348   0.00194041     0.136428     0.448670
      13      7.94330     0.453674     0.195719     0.155710    0.0227826
   0.00774067   0.00371437   0.00210988     0.151964     0.284830
      13      15.8490     0.450850     0.187377     0.148414    0.0240752
   0.00837094   0.00404234   0.00228843     0.170485     0.179330
      13      31.6230     0.444320     0.176198     0.138766    0.0250818
   0.00895840   0.00435400   0.00246221     0.192737     0.111800
      13      63.0960     0.433234     0.163104     0.127714    0.0256384
   0.00941526   0.00460219   0.00260378     0.219653    0.0688450
      13      125.890     0.417080     0.148886     0.116054    0.0255690
   0.00963116   0.00473120   0.00267809     0.252246    0.0417330
      13      251.190     0.396987     0.132984     0.103187    0.0246846
   0.00950339   0.00468673   0.00265308     0.291251    0.0247910
      13      501.190     0.373161     0.116941    0.0905170    0.0230536
   0.00900653   0.00444953   0.00251713     0.336371    0.0143520
      13      1000.00     0.347410     0.101437    0.0784694    0.0208805
   0.00822040   0.00405646   0.00229249     0.385512   0.00804670
      14      1.00000     0.439031     0.232609     0.172770    0.0196372
   0.00629649   0.00297150   0.00169574     0.112243      1.26770
      14      1.99530     0.441447     0.229019     0.169846    0.0207641
   0.00675066   0.00319618   0.00182245     0.122697     0.820800
      14      3.98110     0.442621     0.223610     0.165574    0.0219930
   0.00726732   0.00345443   0.00196552     0.134741     0.528850
      14      7.94330     0.441249     0.216211     0.159669    0.0232762
   0.00783284   0.00374195   0.00212193     0.148787     0.338720
      14      15.8490     0.436851     0.205899     0.151519    0.0244559
   0.00841694   0.00404642   0.00228635     0.165388     0.215300
      14      31.6230     0.429402     0.192731     0.141107    0.0253784
   0.00896910   0.00434082   0.00244879     0.185321     0.135500
      14      63.0960     0.418257     0.178036     0.129596    0.0259208
   0.00941785   0.00458596   0.00258793     0.209651    0.0841540
      14      125.890     0.403166     0.162764     0.117936    0.0259401
   0.00967116   0.00473431   0.00267286     0.239637    0.0513610
      14      251.190     0.385863     0.146014     0.105300    0.0252452
   0.00963133   0.00473608   0.00267413     0.276562    0.0306430
      14      501.190     0.366137     0.129520    0.0931532    0.0238764
   0.00925794   0.00456432   0.00257575     0.321109    0.0177600
      14      1000.00     0.345549     0.113788    0.0817540    0.0219846
   0.00860306   0.00424019   0.00239084     0.372511   0.00993260
      16      1.00000     0.390785     0.280003     0.174665    0.0205558
   0.00646416   0.00303176   0.00171697     0.107157      1.74380
      16      1.99530     0.393744     0.275967     0.171894    0.0216707
   0.00690957   0.00325089   0.00184042     0.116858      1.13180
      16      3.98110     0.396132     0.270415     0.168144    0.0229314
   0.00742228   0.00350458   0.00198118     0.128003     0.731220
      16      7.94330     0.396969     0.262459     0.162813    0.0242693
   0.00799372   0.00379151   0.00213749     0.140934     0.469810
      16      15.8490     0.395596     0.251249     0.155359    0.0255622
   0.00860019   0.00410258   0.00230476     0.156140     0.299750
      16      31.6230     0.391224     0.237277     0.146148    0.0266858
   0.00920006   0.00441771   0.00247567     0.174327     0.189500
      16      63.0960     0.384191     0.220542     0.135201    0.0274565
   0.00972745   0.00470101   0.00263386     0.196451     0.118350
      16      125.890     0.374173     0.202187     0.123359    0.0277221
    0.0100950   0.00490661   0.00275059     0.223729    0.0727310
      16      251.190     0.361569     0.182752     0.111019    0.0273226
    0.0102004   0.00498244   0.00279387     0.257552    0.0437620
      16      501.190     0.346798     0.163000    0.0986967    0.0261919
   0.00996862   0.00488608   0.00273968     0.298982    0.0256270
      16      1000.00     0.331197     0.143229    0.0865798    0.0243938
   0.00940928   0.00461578   0.00258780     0.348036    0.0145080
      18      1.00000     0.337750     0.332840     0.174579    0.0220269
   0.00679816   0.00316515   0.00177754     0.103073      2.30360
      18      1.99530     0.341009     0.328207     0.171980    0.0231577
   0.00724582   0.00338427   0.00190068     0.112181      1.49820
      18      3.98110     0.344260     0.322128     0.168703    0.0244584
   0.00776540   0.00363952   0.00204205     0.122615     0.970110
      18      7.94330     0.346668     0.313475     0.164109    0.0258726
   0.00835183   0.00393078   0.00220063     0.134662     0.624950
      18      15.8490     0.347701     0.301123     0.157604    0.0272884
   0.00898673   0.00425241   0.00237298     0.148776     0.399970
      18      31.6230     0.346385     0.285611     0.149257    0.0285854
   0.00963362   0.00458799   0.00255274     0.165585     0.253810
      18      63.0960     0.343071     0.266681     0.139058    0.0295713
    0.0102340   0.00490614   0.00272743     0.185953     0.159250
      18      125.890     0.337262     0.245791     0.127742    0.0300882
    0.0107035   0.00516233   0.00287116     0.211054    0.0984250
      18      251.190     0.329259     0.223415     0.115724    0.0299527
    0.0109329   0.00530373   0.00295080     0.242270    0.0596400
      18      501.190     0.319301     0.200400     0.103520    0.0290477
    0.0108267   0.00527813   0.00293675     0.280918    0.0352270
      18      1000.00     0.308517     0.176912    0.0912700    0.0273650
    0.0103631   0.00506486   0.00281728     0.327555    0.0201490
      20      1.00000     0.289847     0.378399     0.175741    0.0238415
   0.00723758   0.00334860   0.00186743    0.0996644      2.94980
      20      1.99530     0.293584     0.372885     0.173124    0.0249784
   0.00769482   0.00357174   0.00199244     0.108284      1.92180
      20      3.98110     0.297321     0.366413     0.170046    0.0263239
   0.00822724   0.00383186   0.00213644     0.118125      1.24690
      20      7.94330     0.300812     0.357420     0.165872    0.0278211
   0.00883566   0.00413136   0.00229963     0.129463     0.805020
      20      15.8490     0.303670     0.344417     0.159944    0.0293567
   0.00950437   0.00446624   0.00247894     0.142688     0.516580
      20      31.6230     0.304698     0.327998     0.152221    0.0308246
    0.0102022   0.00482362   0.00266881     0.158373     0.328850
      20      63.0960     0.304109     0.307927     0.142693    0.0320296
    0.0108751   0.00517624   0.00285958     0.177323     0.207130
      20      125.890     0.301905     0.284764     0.131678    0.0327762
    0.0114411   0.00548011   0.00302822     0.200622     0.128640
      20      251.190     0.297665     0.260122     0.119932    0.0328949
    0.0117923   0.00568186   0.00314109     0.229631    0.0784170
      20      501.190     0.291777     0.234497     0.107840    0.0322160
    0.0118139   0.00572340   0.00316435     0.265801    0.0466590
      20      1000.00     0.284936     0.208349    0.0956509    0.0306866
    0.0114505   0.00556684   0.00307743     0.310058    0.0269250
      26      1.00000     0.209766     0.451438     0.178737    0.0285925
   0.00850879   0.00390223   0.00216770    0.0921073      5.41890
      26      1.99530     0.213078     0.445835     0.176310    0.0297924
   0.00899332   0.00413870   0.00230077    0.0996699      3.54490
      26      3.98110     0.217240     0.438415     0.173419    0.0311703
   0.00955701   0.00441374   0.00245420     0.108254      2.31030
      26      7.94330     0.221543     0.429634     0.169993    0.0327956
    0.0102129   0.00473437   0.00263062     0.118055      1.49930
      26      15.8490     0.225962     0.417622     0.165385    0.0345807
    0.0109583   0.00510260   0.00282980     0.129389     0.967860
      26      31.6230     0.230401     0.400809     0.159012    0.0363868
    0.0117727   0.00551282   0.00304802     0.142699     0.620570
      26      63.0960     0.233731     0.380273     0.150904    0.0380788
    0.0126154   0.00594628   0.00327854     0.158616     0.394330
      26      125.890     0.236515     0.355491     0.141047    0.0394188
    0.0134177   0.00636549   0.00350793     0.178043     0.247570
      26      251.190     0.237968     0.328528     0.130143    0.0402216
    0.0140775   0.00671604   0.00370589     0.202177     0.152970
      26      501.190     0.238452     0.299988     0.118599    0.0402621
    0.0144638   0.00693876   0.00383242     0.232552    0.0925470
      26      1000.00     0.237931     0.271014     0.106954    0.0393660
    0.0144464   0.00696735   0.00384903     0.270647    0.0544990
      28      1.00000     0.197438     0.462369     0.179506    0.0296059
   0.00878521   0.00402511   0.00223978    0.0901670      6.42430
      28      1.99530     0.200613     0.456711     0.177076    0.0307923
   0.00927085   0.00426256   0.00237393    0.0974639      4.20730
      28      3.98110     0.204655     0.449291     0.174232    0.0321520
   0.00983468   0.00453822   0.00252845     0.105730      2.74530
      28      7.94330     0.208885     0.440723     0.170942    0.0337708
    0.0104929   0.00485996   0.00270654     0.115157      1.78400
      28      15.8490     0.213385     0.429129     0.166606    0.0355724
    0.0112455   0.00523130   0.00290878     0.126016      1.15350
      28      31.6230     0.218127     0.412853     0.160623    0.0374263
    0.0120772   0.00564886   0.00313218     0.138747     0.740990
      28      63.0960     0.221944     0.392814     0.152935    0.0392154
    0.0129517   0.00609712   0.00337071     0.153912     0.471920
      28      125.890     0.225081     0.368787     0.143562    0.0407072
    0.0138046   0.00654201   0.00361325     0.172378     0.297120
      28      251.190     0.227668     0.341472     0.132841    0.0416796
    0.0145403   0.00693095   0.00383257     0.195299     0.184220
      28      501.190     0.229141     0.312846     0.121494    0.0419376
    0.0150272   0.00720351   0.00398799     0.224138     0.111940
      28      1000.00     0.229762     0.283574     0.109936    0.0412722
    0.0151265   0.00729163   0.00403828     0.260483    0.0662730
