6 1	  6   4.764278e+02   7.407407e-03
6 1	  7   4.800392e+02   4.664723e-03
6 1	  8   4.823831e+02   3.125000e-03
6 1	  9   4.839901e+02   2.194787e-03
6 1	 10   4.851396e+02   1.600000e-03
6 1	 11   4.859901e+02   1.202104e-03
6 1	 12   4.866369e+02   9.259259e-04
6 1	 13   4.871404e+02   7.282658e-04
6 1	 14   4.875398e+02   5.830904e-04
6 1	 15   4.878620e+02   4.740741e-04
6 1	 16   4.881258e+02   3.906250e-04
6 1	 17   4.883444e+02   3.256666e-04
6 1	 18   4.885275e+02   2.743484e-04
6 1	 19   4.886825e+02   2.332702e-04
6 1	 20   4.888149e+02   2.000000e-04
6 1	 21   4.889288e+02   1.727675e-04
6 1	 22   4.890275e+02   1.502630e-04
6 1	 23   4.891136e+02   1.315032e-04
6 1	 24   4.891892e+02   1.157407e-04
6 1	 25   4.892559e+02   1.024000e-04
6 1	 26   4.893151e+02   9.103323e-05
6 1	 27   4.893678e+02   8.128842e-05
6 1	 28   4.894149e+02   7.288630e-05
6 1	 29   4.894573e+02   6.560335e-05
6 1	 30   4.894955e+02   5.925926e-05
6 1	 31   4.895301e+02   5.370750e-05
6 1	 32   4.895614e+02   4.882813e-05
6 1	 33   4.895900e+02   4.452236e-05
6 1	 34   4.896161e+02   4.070832e-05
6 1	 35   4.896400e+02   3.731778e-05
6 1	 36   4.896619e+02   3.429355e-05
6 1	 37   4.896820e+02   3.158747e-05
6 1	 38   4.897006e+02   2.915877e-05
6 1	 39   4.897178e+02   2.697281e-05
6 1	 40   4.897337e+02   2.500000e-05
6 1	 41   4.897485e+02   2.321499e-05
6 1	 42   4.897622e+02   2.159594e-05
6 1	 43   4.897750e+02   2.012401e-05
6 1	 44   4.897869e+02   1.878287e-05
6 1	 45   4.897980e+02   1.755830e-05
6 1	 46   4.898084e+02   1.643791e-05
6 1	 47   4.898182e+02   1.541084e-05
6 1	 48   4.898273e+02   1.446759e-05
6 1	 49   4.898359e+02   1.359978e-05
6 1	 50   4.898440e+02   1.280000e-05
6 1	 51   4.898516e+02   1.206173e-05
6 1	 52   4.898588e+02   1.137915e-05
6 1	 53   4.898655e+02   1.074713e-05
6 1	 54   4.898719e+02   1.016105e-05
6 1	 55   4.898780e+02   9.616829e-06
6 1	 56   4.898837e+02   9.110787e-06
6 1	 57   4.898892e+02   8.639635e-06
6 1	 58   4.898943e+02   8.200418e-06
6 1	 59   4.898992e+02   7.790475e-06
6 1	 60   4.899039e+02   7.407407e-06
6 1	 61   4.899083e+02   7.049048e-06
6 1	 62   4.899125e+02   6.713437e-06
6 1	 63   4.899165e+02   6.398797e-06
6 1	 64   4.899204e+02   6.103516e-06
6 1	 65   4.899240e+02   5.826127e-06
6 1	 66   4.899275e+02   5.565295e-06
6 1	 67   4.899308e+02   5.319803e-06
6 1	 68   4.899340e+02   5.088541e-06
6 1	 69   4.899371e+02   4.870491e-06
6 1	 70   4.899400e+02   4.664723e-06
6 1	 71   4.899428e+02   4.470385e-06
6 1	 72   4.899455e+02   4.286694e-06
6 1	 73   4.899480e+02   4.112931e-06
6 1	 74   4.899505e+02   3.948433e-06
6 1	 75   4.899529e+02   3.792593e-06
6 1	 76   4.899552e+02   3.644846e-06
6 1	 77   4.899573e+02   3.504675e-06
6 1	 78   4.899595e+02   3.371601e-06
6 1	 79   4.899615e+02   3.245179e-06
6 1	 80   4.899634e+02   3.125000e-06
6 1	 81   4.899653e+02   3.010682e-06
6 1	 82   4.899671e+02   2.901873e-06
6 1	 83   4.899689e+02   2.798245e-06
6 1	 84   4.899705e+02   2.699492e-06
6 1	 85   4.899722e+02   2.605333e-06
6 1	 86   4.899737e+02   2.515502e-06
6 1	 87   4.899753e+02   2.429754e-06
6 1	 88   4.899767e+02   2.347859e-06
6 1	 89   4.899781e+02   2.269603e-06
6 1	 90   4.899795e+02   2.194787e-06
6 1	 91   4.899808e+02   2.123224e-06
6 1	 92   4.899821e+02   2.054738e-06
6 1	 93   4.899833e+02   1.989167e-06
6 1	 94   4.899845e+02   1.926355e-06
6 1	 95   4.899857e+02   1.866161e-06
6 1	 96   4.899868e+02   1.808449e-06
6 1	 97   4.899879e+02   1.753092e-06
6 1	 98   4.899890e+02   1.699972e-06
6 1	 99   4.899900e+02   1.648976e-06
6 1	100   4.899910e+02   1.600000e-06
7 1	  6   6.485889e+02   7.407407e-03
7 1	  7   6.535053e+02   4.664723e-03
7 1	  8   6.566962e+02   3.125000e-03
7 1	  9   6.588840e+02   2.194787e-03
7 1	 10   6.604488e+02   1.600000e-03
7 1	 11   6.616066e+02   1.202104e-03
7 1	 12   6.624872e+02   9.259259e-04
7 1	 13   6.631725e+02   7.282658e-04
7 1	 14   6.637163e+02   5.830904e-04
7 1	 15   6.641550e+02   4.740741e-04
7 1	 16   6.645141e+02   3.906250e-04
7 1	 17   6.648116e+02   3.256666e-04
7 1	 18   6.650610e+02   2.743484e-04
7 1	 19   6.652720e+02   2.332702e-04
7 1	 20   6.654522e+02   2.000000e-04
7 1	 21   6.656073e+02   1.727675e-04
7 1	 22   6.657417e+02   1.502630e-04
7 1	 23   6.658589e+02   1.315032e-04
7 1	 24   6.659618e+02   1.157407e-04
7 1	 25   6.660526e+02   1.024000e-04
7 1	 26   6.661331e+02   9.103323e-05
7 1	 27   6.662049e+02   8.128842e-05
7 1	 28   6.662691e+02   7.288630e-05
7 1	 29   6.663268e+02   6.560335e-05
7 1	 30   6.663788e+02   5.925926e-05
7 1	 31   6.664258e+02   5.370750e-05
7 1	 32   6.664685e+02   4.882813e-05
7 1	 33   6.665074e+02   4.452236e-05
7 1	 34   6.665429e+02   4.070832e-05
7 1	 35   6.665754e+02   3.731778e-05
7 1	 36   6.666052e+02   3.429355e-05
7 1	 37   6.666327e+02   3.158747e-05
7 1	 38   6.666580e+02   2.915877e-05
7 1	 39   6.666814e+02   2.697281e-05
7 1	 40   6.667030e+02   2.500000e-05
7 1	 41   6.667231e+02   2.321499e-05
7 1	 42   6.667418e+02   2.159594e-05
7 1	 43   6.667592e+02   2.012401e-05
7 1	 44   6.667754e+02   1.878287e-05
7 1	 45   6.667906e+02   1.755830e-05
7 1	 46   6.668047e+02   1.643791e-05
7 1	 47   6.668180e+02   1.541084e-05
7 1	 48   6.668305e+02   1.446759e-05
7 1	 49   6.668421e+02   1.359978e-05
7 1	 50   6.668532e+02   1.280000e-05
7 1	 51   6.668635e+02   1.206173e-05
7 1	 52   6.668733e+02   1.137915e-05
7 1	 53   6.668825e+02   1.074713e-05
7 1	 54   6.668912e+02   1.016105e-05
7 1	 55   6.668995e+02   9.616829e-06
7 1	 56   6.669073e+02   9.110787e-06
7 1	 57   6.669147e+02   8.639635e-06
7 1	 58   6.669217e+02   8.200418e-06
7 1	 59   6.669284e+02   7.790475e-06
7 1	 60   6.669347e+02   7.407407e-06
7 1	 61   6.669407e+02   7.049048e-06
7 1	 62   6.669465e+02   6.713437e-06
7 1	 63   6.669519e+02   6.398797e-06
7 1	 64   6.669571e+02   6.103516e-06
7 1	 65   6.669621e+02   5.826127e-06
7 1	 66   6.669669e+02   5.565295e-06
7 1	 67   6.669714e+02   5.319803e-06
7 1	 68   6.669757e+02   5.088541e-06
7 1	 69   6.669799e+02   4.870491e-06
7 1	 70   6.669839e+02   4.664723e-06
7 1	 71   6.669877e+02   4.470385e-06
7 1	 72   6.669913e+02   4.286694e-06
7 1	 73   6.669948e+02   4.112931e-06
7 1	 74   6.669982e+02   3.948433e-06
7 1	 75   6.670014e+02   3.792593e-06
7 1	 76   6.670045e+02   3.644846e-06
7 1	 77   6.670075e+02   3.504675e-06
7 1	 78   6.670103e+02   3.371601e-06
7 1	 79   6.670131e+02   3.245179e-06
7 1	 80   6.670158e+02   3.125000e-06
7 1	 81   6.670183e+02   3.010682e-06
7 1	 82   6.670208e+02   2.901873e-06
7 1	 83   6.670232e+02   2.798245e-06
7 1	 84   6.670255e+02   2.699492e-06
7 1	 85   6.670277e+02   2.605333e-06
7 1	 86   6.670298e+02   2.515502e-06
7 1	 87   6.670319e+02   2.429754e-06
7 1	 88   6.670339e+02   2.347859e-06
7 1	 89   6.670358e+02   2.269603e-06
7 1	 90   6.670376e+02   2.194787e-06
7 1	 91   6.670394e+02   2.123224e-06
7 1	 92   6.670412e+02   2.054738e-06
7 1	 93   6.670429e+02   1.989167e-06
7 1	 94   6.670445e+02   1.926355e-06
7 1	 95   6.670461e+02   1.866161e-06
7 1	 96   6.670476e+02   1.808449e-06
7 1	 97   6.670491e+02   1.753092e-06
7 1	 98   6.670505e+02   1.699972e-06
7 1	 99   6.670519e+02   1.648976e-06
7 1	100   6.670533e+02   1.600000e-06
8 1	  6   8.473111e+02   7.407407e-03
8 1	  7   8.537339e+02   4.664723e-03
8 1	  8   8.579025e+02   3.125000e-03
8 1	  9   8.607605e+02   2.194787e-03
8 1	 10   8.628048e+02   1.600000e-03
8 1	 11   8.643174e+02   1.202104e-03
8 1	 12   8.654678e+02   9.259259e-04
8 1	 13   8.663631e+02   7.282658e-04
8 1	 14   8.670735e+02   5.830904e-04
8 1	 15   8.676466e+02   4.740741e-04
8 1	 16   8.681156e+02   3.906250e-04
8 1	 17   8.685044e+02   3.256666e-04
8 1	 18   8.688301e+02   2.743484e-04
8 1	 19   8.691058e+02   2.332702e-04
8 1	 20   8.693412e+02   2.000000e-04
8 1	 21   8.695438e+02   1.727675e-04
8 1	 22   8.697193e+02   1.502630e-04
8 1	 23   8.698725e+02   1.315032e-04
8 1	 24   8.700069e+02   1.157407e-04
8 1	 25   8.701256e+02   1.024000e-04
8 1	 26   8.702308e+02   9.103323e-05
8 1	 27   8.703245e+02   8.128842e-05
8 1	 28   8.704084e+02   7.288630e-05
8 1	 29   8.704837e+02   6.560335e-05
8 1	 30   8.705516e+02   5.925926e-05
8 1	 31   8.706131e+02   5.370750e-05
8 1	 32   8.706689e+02   4.882813e-05
8 1	 33   8.707197e+02   4.452236e-05
8 1	 34   8.707661e+02   4.070832e-05
8 1	 35   8.708086e+02   3.731778e-05
8 1	 36   8.708475e+02   3.429355e-05
8 1	 37   8.708834e+02   3.158747e-05
8 1	 38   8.709165e+02   2.915877e-05
8 1	 39   8.709470e+02   2.697281e-05
8 1	 40   8.709753e+02   2.500000e-05
8 1	 41   8.710015e+02   2.321499e-05
8 1	 42   8.710259e+02   2.159594e-05
8 1	 43   8.710487e+02   2.012401e-05
8 1	 44   8.710698e+02   1.878287e-05
8 1	 45   8.710896e+02   1.755830e-05
8 1	 46   8.711081e+02   1.643791e-05
8 1	 47   8.711255e+02   1.541084e-05
8 1	 48   8.711417e+02   1.446759e-05
8 1	 49   8.711570e+02   1.359978e-05
8 1	 50   8.711714e+02   1.280000e-05
8 1	 51   8.711849e+02   1.206173e-05
8 1	 52   8.711977e+02   1.137915e-05
8 1	 53   8.712097e+02   1.074713e-05
8 1	 54   8.712211e+02   1.016105e-05
8 1	 55   8.712319e+02   9.616829e-06
8 1	 56   8.712421e+02   9.110787e-06
8 1	 57   8.712518e+02   8.639635e-06
8 1	 58   8.712609e+02   8.200418e-06
8 1	 59   8.712696e+02   7.790475e-06
8 1	 60   8.712779e+02   7.407407e-06
8 1	 61   8.712858e+02   7.049048e-06
8 1	 62   8.712933e+02   6.713437e-06
8 1	 63   8.713004e+02   6.398797e-06
8 1	 64   8.713072e+02   6.103516e-06
8 1	 65   8.713137e+02   5.826127e-06
8 1	 66   8.713199e+02   5.565295e-06
8 1	 67   8.713259e+02   5.319803e-06
8 1	 68   8.713315e+02   5.088541e-06
8 1	 69   8.713369e+02   4.870491e-06
8 1	 70   8.713421e+02   4.664723e-06
8 1	 71   8.713471e+02   4.470385e-06
8 1	 72   8.713519e+02   4.286694e-06
8 1	 73   8.713565e+02   4.112931e-06
8 1	 74   8.713608e+02   3.948433e-06
8 1	 75   8.713651e+02   3.792593e-06
8 1	 76   8.713691e+02   3.644846e-06
8 1	 77   8.713730e+02   3.504675e-06
8 1	 78   8.713768e+02   3.371601e-06
8 1	 79   8.713804e+02   3.245179e-06
8 1	 80   8.713838e+02   3.125000e-06
8 1	 81   8.713872e+02   3.010682e-06
8 1	 82   8.713904e+02   2.901873e-06
8 1	 83   8.713935e+02   2.798245e-06
8 1	 84   8.713965e+02   2.699492e-06
8 1	 85   8.713994e+02   2.605333e-06
8 1	 86   8.714022e+02   2.515502e-06
8 1	 87   8.714049e+02   2.429754e-06
8 1	 88   8.714075e+02   2.347859e-06
8 1	 89   8.714100e+02   2.269603e-06
8 1	 90   8.714124e+02   2.194787e-06
8 1	 91   8.714148e+02   2.123224e-06
8 1	 92   8.714170e+02   2.054738e-06
8 1	 93   8.714192e+02   1.989167e-06
8 1	 94   8.714214e+02   1.926355e-06
8 1	 95   8.714234e+02   1.866161e-06
8 1	 96   8.714254e+02   1.808449e-06
8 1	 97   8.714274e+02   1.753092e-06
8 1	 98   8.714293e+02   1.699972e-06
8 1	 99   8.714311e+02   1.648976e-06
8 1	100   8.714328e+02   1.600000e-06
10 1	  6   1.324556e+03   7.407407e-03
10 1	  7   1.334596e+03   4.664723e-03
10 1	  8   1.341113e+03   3.125000e-03
10 1	  9   1.345580e+03   2.194787e-03
10 1	 10   1.348776e+03   1.600000e-03
10 1	 11   1.351140e+03   1.202104e-03
10 1	 12   1.352939e+03   9.259259e-04
10 1	 13   1.354338e+03   7.282658e-04
10 1	 14   1.355449e+03   5.830904e-04
10 1	 15   1.356345e+03   4.740741e-04
10 1	 16   1.357078e+03   3.906250e-04
10 1	 17   1.357686e+03   3.256666e-04
10 1	 18   1.358195e+03   2.743484e-04
10 1	 19   1.358626e+03   2.332702e-04
10 1	 20   1.358994e+03   2.000000e-04
10 1	 21   1.359311e+03   1.727675e-04
10 1	 22   1.359585e+03   1.502630e-04
10 1	 23   1.359825e+03   1.315032e-04
10 1	 24   1.360035e+03   1.157407e-04
10 1	 25   1.360220e+03   1.024000e-04
10 1	 26   1.360385e+03   9.103323e-05
10 1	 27   1.360531e+03   8.128842e-05
10 1	 28   1.360662e+03   7.288630e-05
10 1	 29   1.360780e+03   6.560335e-05
10 1	 30   1.360886e+03   5.925926e-05
10 1	 31   1.360982e+03   5.370750e-05
10 1	 32   1.361070e+03   4.882813e-05
10 1	 33   1.361149e+03   4.452236e-05
10 1	 34   1.361221e+03   4.070832e-05
10 1	 35   1.361288e+03   3.731778e-05
10 1	 36   1.361349e+03   3.429355e-05
10 1	 37   1.361405e+03   3.158747e-05
10 1	 38   1.361457e+03   2.915877e-05
10 1	 39   1.361504e+03   2.697281e-05
10 1	 40   1.361549e+03   2.500000e-05
10 1	 41   1.361590e+03   2.321499e-05
10 1	 42   1.361628e+03   2.159594e-05
10 1	 43   1.361663e+03   2.012401e-05
10 1	 44   1.361696e+03   1.878287e-05
10 1	 45   1.361727e+03   1.755830e-05
10 1	 46   1.361756e+03   1.643791e-05
10 1	 47   1.361783e+03   1.541084e-05
10 1	 48   1.361809e+03   1.446759e-05
10 1	 49   1.361833e+03   1.359978e-05
10 1	 50   1.361855e+03   1.280000e-05
10 1	 51   1.361876e+03   1.206173e-05
10 1	 52   1.361896e+03   1.137915e-05
10 1	 53   1.361915e+03   1.074713e-05
10 1	 54   1.361933e+03   1.016105e-05
10 1	 55   1.361950e+03   9.616829e-06
10 1	 56   1.361966e+03   9.110787e-06
10 1	 57   1.361981e+03   8.639635e-06
10 1	 58   1.361995e+03   8.200418e-06
10 1	 59   1.362009e+03   7.790475e-06
10 1	 60   1.362022e+03   7.407407e-06
10 1	 61   1.362034e+03   7.049048e-06
10 1	 62   1.362046e+03   6.713437e-06
10 1	 63   1.362057e+03   6.398797e-06
10 1	 64   1.362067e+03   6.103516e-06
10 1	 65   1.362078e+03   5.826127e-06
10 1	 66   1.362087e+03   5.565295e-06
10 1	 67   1.362097e+03   5.319803e-06
10 1	 68   1.362105e+03   5.088541e-06
10 1	 69   1.362114e+03   4.870491e-06
10 1	 70   1.362122e+03   4.664723e-06
10 1	 71   1.362130e+03   4.470385e-06
10 1	 72   1.362137e+03   4.286694e-06
10 1	 73   1.362144e+03   4.112931e-06
10 1	 74   1.362151e+03   3.948433e-06
10 1	 75   1.362158e+03   3.792593e-06
10 1	 76   1.362164e+03   3.644846e-06
10 1	 77   1.362170e+03   3.504675e-06
10 1	 78   1.362176e+03   3.371601e-06
10 1	 79   1.362182e+03   3.245179e-06
10 1	 80   1.362187e+03   3.125000e-06
10 1	 81   1.362192e+03   3.010682e-06
10 1	 82   1.362197e+03   2.901873e-06
10 1	 83   1.362202e+03   2.798245e-06
10 1	 84   1.362207e+03   2.699492e-06
10 1	 85   1.362211e+03   2.605333e-06
10 1	 86   1.362216e+03   2.515502e-06
10 1	 87   1.362220e+03   2.429754e-06
10 1	 88   1.362224e+03   2.347859e-06
10 1	 89   1.362228e+03   2.269603e-06
10 1	 90   1.362232e+03   2.194787e-06
10 1	 91   1.362235e+03   2.123224e-06
10 1	 92   1.362239e+03   2.054738e-06
10 1	 93   1.362242e+03   1.989167e-06
10 1	 94   1.362246e+03   1.926355e-06
10 1	 95   1.362249e+03   1.866161e-06
10 1	 96   1.362252e+03   1.808449e-06
10 1	 97   1.362255e+03   1.753092e-06
10 1	 98   1.362258e+03   1.699972e-06
10 1	 99   1.362261e+03   1.648976e-06
10 1	100   1.362264e+03   1.600000e-06
12 1	  6   1.908472e+03   7.407407e-03
12 1	  7   1.922939e+03   4.664723e-03
12 1	  8   1.932328e+03   3.125000e-03
12 1	  9   1.938765e+03   2.194787e-03
12 1	 10   1.943370e+03   1.600000e-03
12 1	 11   1.946777e+03   1.202104e-03
12 1	 12   1.949368e+03   9.259259e-04
12 1	 13   1.951385e+03   7.282658e-04
12 1	 14   1.952985e+03   5.830904e-04
12 1	 15   1.954276e+03   4.740741e-04
12 1	 16   1.955332e+03   3.906250e-04
12 1	 17   1.956208e+03   3.256666e-04
12 1	 18   1.956941e+03   2.743484e-04
12 1	 19   1.957562e+03   2.332702e-04
12 1	 20   1.958092e+03   2.000000e-04
12 1	 21   1.958549e+03   1.727675e-04
12 1	 22   1.958944e+03   1.502630e-04
12 1	 23   1.959289e+03   1.315032e-04
12 1	 24   1.959592e+03   1.157407e-04
12 1	 25   1.959859e+03   1.024000e-04
12 1	 26   1.960096e+03   9.103323e-05
12 1	 27   1.960307e+03   8.128842e-05
12 1	 28   1.960496e+03   7.288630e-05
12 1	 29   1.960666e+03   6.560335e-05
12 1	 30   1.960819e+03   5.925926e-05
12 1	 31   1.960957e+03   5.370750e-05
12 1	 32   1.961083e+03   4.882813e-05
12 1	 33   1.961197e+03   4.452236e-05
12 1	 34   1.961302e+03   4.070832e-05
12 1	 35   1.961398e+03   3.731778e-05
12 1	 36   1.961485e+03   3.429355e-05
12 1	 37   1.961566e+03   3.158747e-05
12 1	 38   1.961641e+03   2.915877e-05
12 1	 39   1.961709e+03   2.697281e-05
12 1	 40   1.961773e+03   2.500000e-05
12 1	 41   1.961832e+03   2.321499e-05
12 1	 42   1.961887e+03   2.159594e-05
12 1	 43   1.961938e+03   2.012401e-05
12 1	 44   1.961986e+03   1.878287e-05
12 1	 45   1.962031e+03   1.755830e-05
12 1	 46   1.962072e+03   1.643791e-05
12 1	 47   1.962111e+03   1.541084e-05
12 1	 48   1.962148e+03   1.446759e-05
12 1	 49   1.962182e+03   1.359978e-05
12 1	 50   1.962215e+03   1.280000e-05
12 1	 51   1.962245e+03   1.206173e-05
12 1	 52   1.962274e+03   1.137915e-05
12 1	 53   1.962301e+03   1.074713e-05
12 1	 54   1.962327e+03   1.016105e-05
12 1	 55   1.962351e+03   9.616829e-06
12 1	 56   1.962374e+03   9.110787e-06
12 1	 57   1.962396e+03   8.639635e-06
12 1	 58   1.962416e+03   8.200418e-06
12 1	 59   1.962436e+03   7.790475e-06
12 1	 60   1.962455e+03   7.407407e-06
12 1	 61   1.962472e+03   7.049048e-06
12 1	 62   1.962489e+03   6.713437e-06
12 1	 63   1.962505e+03   6.398797e-06
12 1	 64   1.962521e+03   6.103516e-06
12 1	 65   1.962535e+03   5.826127e-06
12 1	 66   1.962549e+03   5.565295e-06
12 1	 67   1.962563e+03   5.319803e-06
12 1	 68   1.962575e+03   5.088541e-06
12 1	 69   1.962588e+03   4.870491e-06
12 1	 70   1.962599e+03   4.664723e-06
12 1	 71   1.962611e+03   4.470385e-06
12 1	 72   1.962621e+03   4.286694e-06
12 1	 73   1.962632e+03   4.112931e-06
12 1	 74   1.962642e+03   3.948433e-06
12 1	 75   1.962651e+03   3.792593e-06
12 1	 76   1.962660e+03   3.644846e-06
12 1	 77   1.962669e+03   3.504675e-06
12 1	 78   1.962677e+03   3.371601e-06
12 1	 79   1.962685e+03   3.245179e-06
12 1	 80   1.962693e+03   3.125000e-06
12 1	 81   1.962701e+03   3.010682e-06
12 1	 82   1.962708e+03   2.901873e-06
12 1	 83   1.962715e+03   2.798245e-06
12 1	 84   1.962722e+03   2.699492e-06
12 1	 85   1.962728e+03   2.605333e-06
12 1	 86   1.962735e+03   2.515502e-06
12 1	 87   1.962741e+03   2.429754e-06
12 1	 88   1.962747e+03   2.347859e-06
12 1	 89   1.962752e+03   2.269603e-06
12 1	 90   1.962758e+03   2.194787e-06
12 1	 91   1.962763e+03   2.123224e-06
12 1	 92   1.962768e+03   2.054738e-06
12 1	 93   1.962773e+03   1.989167e-06
12 1	 94   1.962778e+03   1.926355e-06
12 1	 95   1.962782e+03   1.866161e-06
12 1	 96   1.962787e+03   1.808449e-06
12 1	 97   1.962791e+03   1.753092e-06
12 1	 98   1.962796e+03   1.699972e-06
12 1	 99   1.962800e+03   1.648976e-06
12 1	100   1.962804e+03   1.600000e-06
13 1	  6   2.240583e+03   7.407407e-03
13 1	  7   2.257567e+03   4.664723e-03
13 1	  8   2.268591e+03   3.125000e-03
13 1	  9   2.276148e+03   2.194787e-03
13 1	 10   2.281554e+03   1.600000e-03
13 1	 11   2.285554e+03   1.202104e-03
13 1	 12   2.288596e+03   9.259259e-04
13 1	 13   2.290963e+03   7.282658e-04
13 1	 14   2.292842e+03   5.830904e-04
13 1	 15   2.294357e+03   4.740741e-04
13 1	 16   2.295598e+03   3.906250e-04
13 1	 17   2.296626e+03   3.256666e-04
13 1	 18   2.297487e+03   2.743484e-04
13 1	 19   2.298216e+03   2.332702e-04
13 1	 20   2.298838e+03   2.000000e-04
13 1	 21   2.299374e+03   1.727675e-04
13 1	 22   2.299838e+03   1.502630e-04
13 1	 23   2.300243e+03   1.315032e-04
13 1	 24   2.300599e+03   1.157407e-04
13 1	 25   2.300913e+03   1.024000e-04
13 1	 26   2.301191e+03   9.103323e-05
13 1	 27   2.301439e+03   8.128842e-05
13 1	 28   2.301660e+03   7.288630e-05
13 1	 29   2.301860e+03   6.560335e-05
13 1	 30   2.302039e+03   5.925926e-05
13 1	 31   2.302202e+03   5.370750e-05
13 1	 32   2.302349e+03   4.882813e-05
13 1	 33   2.302484e+03   4.452236e-05
13 1	 34   2.302606e+03   4.070832e-05
13 1	 35   2.302719e+03   3.731778e-05
13 1	 36   2.302822e+03   3.429355e-05
13 1	 37   2.302917e+03   3.158747e-05
13 1	 38   2.303004e+03   2.915877e-05
13 1	 39   2.303085e+03   2.697281e-05
13 1	 40   2.303160e+03   2.500000e-05
13 1	 41   2.303229e+03   2.321499e-05
13 1	 42   2.303294e+03   2.159594e-05
13 1	 43   2.303354e+03   2.012401e-05
13 1	 44   2.303410e+03   1.878287e-05
13 1	 45   2.303462e+03   1.755830e-05
13 1	 46   2.303511e+03   1.643791e-05
13 1	 47   2.303557e+03   1.541084e-05
13 1	 48   2.303600e+03   1.446759e-05
13 1	 49   2.303640e+03   1.359978e-05
13 1	 50   2.303678e+03   1.280000e-05
13 1	 51   2.303714e+03   1.206173e-05
13 1	 52   2.303748e+03   1.137915e-05
13 1	 53   2.303780e+03   1.074713e-05
13 1	 54   2.303810e+03   1.016105e-05
13 1	 55   2.303838e+03   9.616829e-06
13 1	 56   2.303865e+03   9.110787e-06
13 1	 57   2.303891e+03   8.639635e-06
13 1	 58   2.303915e+03   8.200418e-06
13 1	 59   2.303938e+03   7.790475e-06
13 1	 60   2.303960e+03   7.407407e-06
13 1	 61   2.303981e+03   7.049048e-06
13 1	 62   2.304000e+03   6.713437e-06
13 1	 63   2.304019e+03   6.398797e-06
13 1	 64   2.304037e+03   6.103516e-06
13 1	 65   2.304055e+03   5.826127e-06
13 1	 66   2.304071e+03   5.565295e-06
13 1	 67   2.304087e+03   5.319803e-06
13 1	 68   2.304102e+03   5.088541e-06
13 1	 69   2.304116e+03   4.870491e-06
13 1	 70   2.304130e+03   4.664723e-06
13 1	 71   2.304143e+03   4.470385e-06
13 1	 72   2.304155e+03   4.286694e-06
13 1	 73   2.304168e+03   4.112931e-06
13 1	 74   2.304179e+03   3.948433e-06
13 1	 75   2.304190e+03   3.792593e-06
13 1	 76   2.304201e+03   3.644846e-06
13 1	 77   2.304211e+03   3.504675e-06
13 1	 78   2.304221e+03   3.371601e-06
13 1	 79   2.304231e+03   3.245179e-06
13 1	 80   2.304240e+03   3.125000e-06
13 1	 81   2.304249e+03   3.010682e-06
13 1	 82   2.304257e+03   2.901873e-06
13 1	 83   2.304265e+03   2.798245e-06
13 1	 84   2.304273e+03   2.699492e-06
13 1	 85   2.304281e+03   2.605333e-06
13 1	 86   2.304288e+03   2.515502e-06
13 1	 87   2.304296e+03   2.429754e-06
13 1	 88   2.304302e+03   2.347859e-06
13 1	 89   2.304309e+03   2.269603e-06
13 1	 90   2.304315e+03   2.194787e-06
13 1	 91   2.304322e+03   2.123224e-06
13 1	 92   2.304328e+03   2.054738e-06
13 1	 93   2.304334e+03   1.989167e-06
13 1	 94   2.304339e+03   1.926355e-06
13 1	 95   2.304345e+03   1.866161e-06
13 1	 96   2.304350e+03   1.808449e-06
13 1	 97   2.304355e+03   1.753092e-06
13 1	 98   2.304360e+03   1.699972e-06
13 1	 99   2.304365e+03   1.648976e-06
13 1	100   2.304370e+03   1.600000e-06
14 1	  6   2.599431e+03   7.407407e-03
14 1	  7   2.619135e+03   4.664723e-03
14 1	  8   2.631923e+03   3.125000e-03
14 1	  9   2.640691e+03   2.194787e-03
14 1	 10   2.646963e+03   1.600000e-03
14 1	 11   2.651603e+03   1.202104e-03
14 1	 12   2.655133e+03   9.259259e-04
14 1	 13   2.657879e+03   7.282658e-04
14 1	 14   2.660059e+03   5.830904e-04
14 1	 15   2.661817e+03   4.740741e-04
14 1	 16   2.663256e+03   3.906250e-04
14 1	 17   2.664448e+03   3.256666e-04
14 1	 18   2.665448e+03   2.743484e-04
14 1	 19   2.666294e+03   2.332702e-04
14 1	 20   2.667016e+03   2.000000e-04
14 1	 21   2.667637e+03   1.727675e-04
14 1	 22   2.668176e+03   1.502630e-04
14 1	 23   2.668646e+03   1.315032e-04
14 1	 24   2.669058e+03   1.157407e-04
14 1	 25   2.669422e+03   1.024000e-04
14 1	 26   2.669745e+03   9.103323e-05
14 1	 27   2.670032e+03   8.128842e-05
14 1	 28   2.670290e+03   7.288630e-05
14 1	 29   2.670521e+03   6.560335e-05
14 1	 30   2.670729e+03   5.925926e-05
14 1	 31   2.670918e+03   5.370750e-05
14 1	 32   2.671089e+03   4.882813e-05
14 1	 33   2.671245e+03   4.452236e-05
14 1	 34   2.671387e+03   4.070832e-05
14 1	 35   2.671517e+03   3.731778e-05
14 1	 36   2.671637e+03   3.429355e-05
14 1	 37   2.671747e+03   3.158747e-05
14 1	 38   2.671848e+03   2.915877e-05
14 1	 39   2.671942e+03   2.697281e-05
14 1	 40   2.672029e+03   2.500000e-05
14 1	 41   2.672109e+03   2.321499e-05
14 1	 42   2.672184e+03   2.159594e-05
14 1	 43   2.672254e+03   2.012401e-05
14 1	 44   2.672319e+03   1.878287e-05
14 1	 45   2.672380e+03   1.755830e-05
14 1	 46   2.672436e+03   1.643791e-05
14 1	 47   2.672490e+03   1.541084e-05
14 1	 48   2.672540e+03   1.446759e-05
14 1	 49   2.672586e+03   1.359978e-05
14 1	 50   2.672631e+03   1.280000e-05
14 1	 51   2.672672e+03   1.206173e-05
14 1	 52   2.672711e+03   1.137915e-05
14 1	 53   2.672748e+03   1.074713e-05
14 1	 54   2.672783e+03   1.016105e-05
14 1	 55   2.672816e+03   9.616829e-06
14 1	 56   2.672847e+03   9.110787e-06
14 1	 57   2.672877e+03   8.639635e-06
14 1	 58   2.672905e+03   8.200418e-06
14 1	 59   2.672932e+03   7.790475e-06
14 1	 60   2.672957e+03   7.407407e-06
14 1	 61   2.672981e+03   7.049048e-06
14 1	 62   2.673004e+03   6.713437e-06
14 1	 63   2.673026e+03   6.398797e-06
14 1	 64   2.673047e+03   6.103516e-06
14 1	 65   2.673067e+03   5.826127e-06
14 1	 66   2.673086e+03   5.565295e-06
14 1	 67   2.673104e+03   5.319803e-06
14 1	 68   2.673122e+03   5.088541e-06
14 1	 69   2.673138e+03   4.870491e-06
14 1	 70   2.673154e+03   4.664723e-06
14 1	 71   2.673170e+03   4.470385e-06
14 1	 72   2.673184e+03   4.286694e-06
14 1	 73   2.673198e+03   4.112931e-06
14 1	 74   2.673212e+03   3.948433e-06
14 1	 75   2.673225e+03   3.792593e-06
14 1	 76   2.673237e+03   3.644846e-06
14 1	 77   2.673249e+03   3.504675e-06
14 1	 78   2.673261e+03   3.371601e-06
14 1	 79   2.673272e+03   3.245179e-06
14 1	 80   2.673282e+03   3.125000e-06
14 1	 81   2.673292e+03   3.010682e-06
14 1	 82   2.673302e+03   2.901873e-06
14 1	 83   2.673312e+03   2.798245e-06
14 1	 84   2.673321e+03   2.699492e-06
14 1	 85   2.673330e+03   2.605333e-06
14 1	 86   2.673338e+03   2.515502e-06
14 1	 87   2.673347e+03   2.429754e-06
14 1	 88   2.673355e+03   2.347859e-06
14 1	 89   2.673362e+03   2.269603e-06
14 1	 90   2.673370e+03   2.194787e-06
14 1	 91   2.673377e+03   2.123224e-06
14 1	 92   2.673384e+03   2.054738e-06
14 1	 93   2.673391e+03   1.989167e-06
14 1	 94   2.673397e+03   1.926355e-06
14 1	 95   2.673404e+03   1.866161e-06
14 1	 96   2.673410e+03   1.808449e-06
14 1	 97   2.673416e+03   1.753092e-06
14 1	 98   2.673422e+03   1.699972e-06
14 1	 99   2.673427e+03   1.648976e-06
14 1	100   2.673433e+03   1.600000e-06
16 1	  6   3.397917e+03   7.407407e-03
16 1	  7   3.423673e+03   4.664723e-03
16 1	  8   3.440391e+03   3.125000e-03
16 1	  9   3.451852e+03   2.194787e-03
16 1	 10   3.460050e+03   1.600000e-03
16 1	 11   3.466116e+03   1.202104e-03
16 1	 12   3.470729e+03   9.259259e-04
16 1	 13   3.474320e+03   7.282658e-04
16 1	 14   3.477168e+03   5.830904e-04
16 1	 15   3.479467e+03   4.740741e-04
16 1	 16   3.481348e+03   3.906250e-04
16 1	 17   3.482907e+03   3.256666e-04
16 1	 18   3.484213e+03   2.743484e-04
16 1	 19   3.485319e+03   2.332702e-04
16 1	 20   3.486262e+03   2.000000e-04
16 1	 21   3.487075e+03   1.727675e-04
16 1	 22   3.487779e+03   1.502630e-04
16 1	 23   3.488393e+03   1.315032e-04
16 1	 24   3.488932e+03   1.157407e-04
16 1	 25   3.489408e+03   1.024000e-04
16 1	 26   3.489830e+03   9.103323e-05
16 1	 27   3.490206e+03   8.128842e-05
16 1	 28   3.490542e+03   7.288630e-05
16 1	 29   3.490844e+03   6.560335e-05
16 1	 30   3.491117e+03   5.925926e-05
16 1	 31   3.491363e+03   5.370750e-05
16 1	 32   3.491587e+03   4.882813e-05
16 1	 33   3.491791e+03   4.452236e-05
16 1	 34   3.491977e+03   4.070832e-05
16 1	 35   3.492147e+03   3.731778e-05
16 1	 36   3.492303e+03   3.429355e-05
16 1	 37   3.492447e+03   3.158747e-05
16 1	 38   3.492580e+03   2.915877e-05
16 1	 39   3.492702e+03   2.697281e-05
16 1	 40   3.492816e+03   2.500000e-05
16 1	 41   3.492921e+03   2.321499e-05
16 1	 42   3.493019e+03   2.159594e-05
16 1	 43   3.493110e+03   2.012401e-05
16 1	 44   3.493195e+03   1.878287e-05
16 1	 45   3.493274e+03   1.755830e-05
16 1	 46   3.493348e+03   1.643791e-05
16 1	 47   3.493418e+03   1.541084e-05
16 1	 48   3.493483e+03   1.446759e-05
16 1	 49   3.493544e+03   1.359978e-05
16 1	 50   3.493602e+03   1.280000e-05
16 1	 51   3.493656e+03   1.206173e-05
16 1	 52   3.493707e+03   1.137915e-05
16 1	 53   3.493756e+03   1.074713e-05
16 1	 54   3.493801e+03   1.016105e-05
16 1	 55   3.493845e+03   9.616829e-06
16 1	 56   3.493886e+03   9.110787e-06
16 1	 57   3.493924e+03   8.639635e-06
16 1	 58   3.493961e+03   8.200418e-06
16 1	 59   3.493996e+03   7.790475e-06
16 1	 60   3.494029e+03   7.407407e-06
16 1	 61   3.494061e+03   7.049048e-06
16 1	 62   3.494091e+03   6.713437e-06
16 1	 63   3.494119e+03   6.398797e-06
16 1	 64   3.494147e+03   6.103516e-06
16 1	 65   3.494173e+03   5.826127e-06
16 1	 66   3.494198e+03   5.565295e-06
16 1	 67   3.494221e+03   5.319803e-06
16 1	 68   3.494244e+03   5.088541e-06
16 1	 69   3.494266e+03   4.870491e-06
16 1	 70   3.494287e+03   4.664723e-06
16 1	 71   3.494307e+03   4.470385e-06
16 1	 72   3.494326e+03   4.286694e-06
16 1	 73   3.494344e+03   4.112931e-06
16 1	 74   3.494362e+03   3.948433e-06
16 1	 75   3.494379e+03   3.792593e-06
16 1	 76   3.494395e+03   3.644846e-06
16 1	 77   3.494411e+03   3.504675e-06
16 1	 78   3.494426e+03   3.371601e-06
16 1	 79   3.494440e+03   3.245179e-06
16 1	 80   3.494454e+03   3.125000e-06
16 1	 81   3.494467e+03   3.010682e-06
16 1	 82   3.494480e+03   2.901873e-06
16 1	 83   3.494493e+03   2.798245e-06
16 1	 84   3.494505e+03   2.699492e-06
16 1	 85   3.494516e+03   2.605333e-06
16 1	 86   3.494527e+03   2.515502e-06
16 1	 87   3.494538e+03   2.429754e-06
16 1	 88   3.494549e+03   2.347859e-06
16 1	 89   3.494559e+03   2.269603e-06
16 1	 90   3.494569e+03   2.194787e-06
16 1	 91   3.494578e+03   2.123224e-06
16 1	 92   3.494587e+03   2.054738e-06
16 1	 93   3.494596e+03   1.989167e-06
16 1	 94   3.494604e+03   1.926355e-06
16 1	 95   3.494613e+03   1.866161e-06
16 1	 96   3.494621e+03   1.808449e-06
16 1	 97   3.494629e+03   1.753092e-06
16 1	 98   3.494636e+03   1.699972e-06
16 1	 99   3.494643e+03   1.648976e-06
16 1	100   3.494651e+03   1.600000e-06
18 1	  6   4.304514e+03   7.407407e-03
18 1	  7   4.337143e+03   4.664723e-03
18 1	  8   4.358320e+03   3.125000e-03
18 1	  9   4.372840e+03   2.194787e-03
18 1	 10   4.383225e+03   1.600000e-03
18 1	 11   4.390909e+03   1.202104e-03
18 1	 12   4.396753e+03   9.259259e-04
18 1	 13   4.401302e+03   7.282658e-04
18 1	 14   4.404911e+03   5.830904e-04
18 1	 15   4.407822e+03   4.740741e-04
18 1	 16   4.410205e+03   3.906250e-04
18 1	 17   4.412180e+03   3.256666e-04
18 1	 18   4.413835e+03   2.743484e-04
18 1	 19   4.415235e+03   2.332702e-04
18 1	 20   4.416431e+03   2.000000e-04
18 1	 21   4.417460e+03   1.727675e-04
18 1	 22   4.418352e+03   1.502630e-04
18 1	 23   4.419130e+03   1.315032e-04
18 1	 24   4.419813e+03   1.157407e-04
18 1	 25   4.420416e+03   1.024000e-04
18 1	 26   4.420950e+03   9.103323e-05
18 1	 27   4.421427e+03   8.128842e-05
18 1	 28   4.421853e+03   7.288630e-05
18 1	 29   4.422235e+03   6.560335e-05
18 1	 30   4.422581e+03   5.925926e-05
18 1	 31   4.422893e+03   5.370750e-05
18 1	 32   4.423176e+03   4.882813e-05
18 1	 33   4.423434e+03   4.452236e-05
18 1	 34   4.423670e+03   4.070832e-05
18 1	 35   4.423886e+03   3.731778e-05
18 1	 36   4.424084e+03   3.429355e-05
18 1	 37   4.424266e+03   3.158747e-05
18 1	 38   4.424434e+03   2.915877e-05
18 1	 39   4.424589e+03   2.697281e-05
18 1	 40   4.424733e+03   2.500000e-05
18 1	 41   4.424866e+03   2.321499e-05
18 1	 42   4.424990e+03   2.159594e-05
18 1	 43   4.425105e+03   2.012401e-05
18 1	 44   4.425213e+03   1.878287e-05
18 1	 45   4.425314e+03   1.755830e-05
18 1	 46   4.425408e+03   1.643791e-05
18 1	 47   4.425496e+03   1.541084e-05
18 1	 48   4.425578e+03   1.446759e-05
18 1	 49   4.425656e+03   1.359978e-05
18 1	 50   4.425729e+03   1.280000e-05
18 1	 51   4.425798e+03   1.206173e-05
18 1	 52   4.425863e+03   1.137915e-05
18 1	 53   4.425924e+03   1.074713e-05
18 1	 54   4.425982e+03   1.016105e-05
18 1	 55   4.426036e+03   9.616829e-06
18 1	 56   4.426088e+03   9.110787e-06
18 1	 57   4.426137e+03   8.639635e-06
18 1	 58   4.426184e+03   8.200418e-06
18 1	 59   4.426228e+03   7.790475e-06
18 1	 60   4.426270e+03   7.407407e-06
18 1	 61   4.426310e+03   7.049048e-06
18 1	 62   4.426348e+03   6.713437e-06
18 1	 63   4.426384e+03   6.398797e-06
18 1	 64   4.426419e+03   6.103516e-06
18 1	 65   4.426452e+03   5.826127e-06
18 1	 66   4.426484e+03   5.565295e-06
18 1	 67   4.426514e+03   5.319803e-06
18 1	 68   4.426542e+03   5.088541e-06
18 1	 69   4.426570e+03   4.870491e-06
18 1	 70   4.426596e+03   4.664723e-06
18 1	 71   4.426622e+03   4.470385e-06
18 1	 72   4.426646e+03   4.286694e-06
18 1	 73   4.426669e+03   4.112931e-06
18 1	 74   4.426691e+03   3.948433e-06
18 1	 75   4.426713e+03   3.792593e-06
18 1	 76   4.426733e+03   3.644846e-06
18 1	 77   4.426753e+03   3.504675e-06
18 1	 78   4.426772e+03   3.371601e-06
18 1	 79   4.426791e+03   3.245179e-06
18 1	 80   4.426808e+03   3.125000e-06
18 1	 81   4.426825e+03   3.010682e-06
18 1	 82   4.426842e+03   2.901873e-06
18 1	 83   4.426857e+03   2.798245e-06
18 1	 84   4.426873e+03   2.699492e-06
18 1	 85   4.426887e+03   2.605333e-06
18 1	 86   4.426901e+03   2.515502e-06
18 1	 87   4.426915e+03   2.429754e-06
18 1	 88   4.426928e+03   2.347859e-06
18 1	 89   4.426941e+03   2.269603e-06
18 1	 90   4.426953e+03   2.194787e-06
18 1	 91   4.426965e+03   2.123224e-06
18 1	 92   4.426977e+03   2.054738e-06
18 1	 93   4.426988e+03   1.989167e-06
18 1	 94   4.426999e+03   1.926355e-06
18 1	 95   4.427009e+03   1.866161e-06
18 1	 96   4.427020e+03   1.808449e-06
18 1	 97   4.427029e+03   1.753092e-06
18 1	 98   4.427039e+03   1.699972e-06
18 1	 99   4.427048e+03   1.648976e-06
18 1	100   4.427057e+03   1.600000e-06
20 1	  6   5.319611e+03   7.407407e-03
20 1	  7   5.359935e+03   4.664723e-03
20 1	  8   5.386106e+03   3.125000e-03
20 1	  9   5.404049e+03   2.194787e-03
20 1	 10   5.416884e+03   1.600000e-03
20 1	 11   5.426380e+03   1.202104e-03
20 1	 12   5.433603e+03   9.259259e-04
20 1	 13   5.439224e+03   7.282658e-04
20 1	 14   5.443684e+03   5.830904e-04
20 1	 15   5.447282e+03   4.740741e-04
20 1	 16   5.450227e+03   3.906250e-04
20 1	 17   5.452667e+03   3.256666e-04
20 1	 18   5.454712e+03   2.743484e-04
20 1	 19   5.456443e+03   2.332702e-04
20 1	 20   5.457921e+03   2.000000e-04
20 1	 21   5.459193e+03   1.727675e-04
20 1	 22   5.460295e+03   1.502630e-04
20 1	 23   5.461257e+03   1.315032e-04
20 1	 24   5.462101e+03   1.157407e-04
20 1	 25   5.462845e+03   1.024000e-04
20 1	 26   5.463506e+03   9.103323e-05
20 1	 27   5.464094e+03   8.128842e-05
20 1	 28   5.464621e+03   7.288630e-05
20 1	 29   5.465094e+03   6.560335e-05
20 1	 30   5.465520e+03   5.925926e-05
20 1	 31   5.465906e+03   5.370750e-05
20 1	 32   5.466257e+03   4.882813e-05
20 1	 33   5.466576e+03   4.452236e-05
20 1	 34   5.466867e+03   4.070832e-05
20 1	 35   5.467133e+03   3.731778e-05
20 1	 36   5.467378e+03   3.429355e-05
20 1	 37   5.467603e+03   3.158747e-05
20 1	 38   5.467811e+03   2.915877e-05
20 1	 39   5.468003e+03   2.697281e-05
20 1	 40   5.468180e+03   2.500000e-05
20 1	 41   5.468345e+03   2.321499e-05
20 1	 42   5.468498e+03   2.159594e-05
20 1	 43   5.468641e+03   2.012401e-05
20 1	 44   5.468774e+03   1.878287e-05
20 1	 45   5.468898e+03   1.755830e-05
20 1	 46   5.469014e+03   1.643791e-05
20 1	 47   5.469123e+03   1.541084e-05
20 1	 48   5.469225e+03   1.446759e-05
20 1	 49   5.469321e+03   1.359978e-05
20 1	 50   5.469411e+03   1.280000e-05
20 1	 51   5.469496e+03   1.206173e-05
20 1	 52   5.469576e+03   1.137915e-05
20 1	 53   5.469652e+03   1.074713e-05
20 1	 54   5.469724e+03   1.016105e-05
20 1	 55   5.469791e+03   9.616829e-06
20 1	 56   5.469855e+03   9.110787e-06
20 1	 57   5.469916e+03   8.639635e-06
20 1	 58   5.469973e+03   8.200418e-06
20 1	 59   5.470028e+03   7.790475e-06
20 1	 60   5.470080e+03   7.407407e-06
20 1	 61   5.470130e+03   7.049048e-06
20 1	 62   5.470177e+03   6.713437e-06
20 1	 63   5.470221e+03   6.398797e-06
20 1	 64   5.470264e+03   6.103516e-06
20 1	 65   5.470305e+03   5.826127e-06
20 1	 66   5.470344e+03   5.565295e-06
20 1	 67   5.470381e+03   5.319803e-06
20 1	 68   5.470417e+03   5.088541e-06
20 1	 69   5.470451e+03   4.870491e-06
20 1	 70   5.470483e+03   4.664723e-06
20 1	 71   5.470515e+03   4.470385e-06
20 1	 72   5.470545e+03   4.286694e-06
20 1	 73   5.470573e+03   4.112931e-06
20 1	 74   5.470601e+03   3.948433e-06
20 1	 75   5.470627e+03   3.792593e-06
20 1	 76   5.470653e+03   3.644846e-06
20 1	 77   5.470677e+03   3.504675e-06
20 1	 78   5.470701e+03   3.371601e-06
20 1	 79   5.470723e+03   3.245179e-06
20 1	 80   5.470745e+03   3.125000e-06
20 1	 81   5.470766e+03   3.010682e-06
20 1	 82   5.470786e+03   2.901873e-06
20 1	 83   5.470806e+03   2.798245e-06
20 1	 84   5.470825e+03   2.699492e-06
20 1	 85   5.470843e+03   2.605333e-06
20 1	 86   5.470860e+03   2.515502e-06
20 1	 87   5.470877e+03   2.429754e-06
20 1	 88   5.470893e+03   2.347859e-06
20 1	 89   5.470909e+03   2.269603e-06
20 1	 90   5.470924e+03   2.194787e-06
20 1	 91   5.470939e+03   2.123224e-06
20 1	 92   5.470954e+03   2.054738e-06
20 1	 93   5.470967e+03   1.989167e-06
20 1	 94   5.470981e+03   1.926355e-06
20 1	 95   5.470994e+03   1.866161e-06
20 1	 96   5.471006e+03   1.808449e-06
20 1	 97   5.471018e+03   1.753092e-06
20 1	 98   5.471030e+03   1.699972e-06
20 1	 99   5.471042e+03   1.648976e-06
20 1	100   5.471053e+03   1.600000e-06
26 1	  6   9.023972e+03   7.407407e-03
26 1	  7   9.092376e+03   4.664723e-03
26 1	  8   9.136772e+03   3.125000e-03
26 1	  9   9.167210e+03   2.194787e-03
26 1	 10   9.188982e+03   1.600000e-03
26 1	 11   9.205091e+03   1.202104e-03
26 1	 12   9.217343e+03   9.259259e-04
26 1	 13   9.226878e+03   7.282658e-04
26 1	 14   9.234444e+03   5.830904e-04
26 1	 15   9.240548e+03   4.740741e-04
26 1	 16   9.245543e+03   3.906250e-04
26 1	 17   9.249683e+03   3.256666e-04
26 1	 18   9.253152e+03   2.743484e-04
26 1	 19   9.256089e+03   2.332702e-04
26 1	 20   9.258595e+03   2.000000e-04
26 1	 21   9.260753e+03   1.727675e-04
26 1	 22   9.262623e+03   1.502630e-04
26 1	 23   9.264254e+03   1.315032e-04
26 1	 24   9.265686e+03   1.157407e-04
26 1	 25   9.266949e+03   1.024000e-04
26 1	 26   9.268070e+03   9.103323e-05
26 1	 27   9.269068e+03   8.128842e-05
26 1	 28   9.269961e+03   7.288630e-05
26 1	 29   9.270763e+03   6.560335e-05
26 1	 30   9.271487e+03   5.925926e-05
26 1	 31   9.272142e+03   5.370750e-05
26 1	 32   9.272736e+03   4.882813e-05
26 1	 33   9.273277e+03   4.452236e-05
26 1	 34   9.273771e+03   4.070832e-05
26 1	 35   9.274223e+03   3.731778e-05
26 1	 36   9.274638e+03   3.429355e-05
26 1	 37   9.275020e+03   3.158747e-05
26 1	 38   9.275372e+03   2.915877e-05
26 1	 39   9.275698e+03   2.697281e-05
26 1	 40   9.275999e+03   2.500000e-05
26 1	 41   9.276278e+03   2.321499e-05
26 1	 42   9.276538e+03   2.159594e-05
26 1	 43   9.276780e+03   2.012401e-05
26 1	 44   9.277006e+03   1.878287e-05
26 1	 45   9.277216e+03   1.755830e-05
26 1	 46   9.277414e+03   1.643791e-05
26 1	 47   9.277598e+03   1.541084e-05
26 1	 48   9.277771e+03   1.446759e-05
26 1	 49   9.277934e+03   1.359978e-05
26 1	 50   9.278087e+03   1.280000e-05
26 1	 51   9.278231e+03   1.206173e-05
26 1	 52   9.278367e+03   1.137915e-05
26 1	 53   9.278496e+03   1.074713e-05
26 1	 54   9.278617e+03   1.016105e-05
26 1	 55   9.278732e+03   9.616829e-06
26 1	 56   9.278840e+03   9.110787e-06
26 1	 57   9.278943e+03   8.639635e-06
26 1	 58   9.279041e+03   8.200418e-06
26 1	 59   9.279134e+03   7.790475e-06
26 1	 60   9.279222e+03   7.407407e-06
26 1	 61   9.279306e+03   7.049048e-06
26 1	 62   9.279385e+03   6.713437e-06
26 1	 63   9.279461e+03   6.398797e-06
26 1	 64   9.279534e+03   6.103516e-06
26 1	 65   9.279603e+03   5.826127e-06
26 1	 66   9.279669e+03   5.565295e-06
26 1	 67   9.279732e+03   5.319803e-06
26 1	 68   9.279793e+03   5.088541e-06
26 1	 69   9.279850e+03   4.870491e-06
26 1	 70   9.279906e+03   4.664723e-06
26 1	 71   9.279959e+03   4.470385e-06
26 1	 72   9.280010e+03   4.286694e-06
26 1	 73   9.280058e+03   4.112931e-06
26 1	 74   9.280105e+03   3.948433e-06
26 1	 75   9.280150e+03   3.792593e-06
26 1	 76   9.280193e+03   3.644846e-06
26 1	 77   9.280235e+03   3.504675e-06
26 1	 78   9.280274e+03   3.371601e-06
26 1	 79   9.280313e+03   3.245179e-06
26 1	 80   9.280350e+03   3.125000e-06
26 1	 81   9.280385e+03   3.010682e-06
26 1	 82   9.280420e+03   2.901873e-06
26 1	 83   9.280453e+03   2.798245e-06
26 1	 84   9.280485e+03   2.699492e-06
26 1	 85   9.280515e+03   2.605333e-06
26 1	 86   9.280545e+03   2.515502e-06
26 1	 87   9.280574e+03   2.429754e-06
26 1	 88   9.280601e+03   2.347859e-06
26 1	 89   9.280628e+03   2.269603e-06
26 1	 90   9.280654e+03   2.194787e-06
26 1	 91   9.280679e+03   2.123224e-06
26 1	 92   9.280703e+03   2.054738e-06
26 1	 93   9.280727e+03   1.989167e-06
26 1	 94   9.280750e+03   1.926355e-06
26 1	 95   9.280772e+03   1.866161e-06
26 1	 96   9.280793e+03   1.808449e-06
26 1	 97   9.280814e+03   1.753092e-06
26 1	 98   9.280834e+03   1.699972e-06
26 1	 99   9.280853e+03   1.648976e-06
26 1	100   9.280872e+03   1.600000e-06
6 2	  6   3.826528e+02   1.444444e-02
6 2	  7   3.851290e+02   9.096210e-03
6 2	  8   3.867413e+02   6.093750e-03
6 2	  9   3.878502e+02   4.279835e-03
6 2	 10   3.886457e+02   3.120000e-03
6 2	 11   3.892358e+02   2.344102e-03
6 2	 12   3.896858e+02   1.805556e-03
6 2	 13   3.900368e+02   1.420118e-03
6 2	 14   3.903159e+02   1.137026e-03
6 2	 15   3.905415e+02   9.244444e-04
6 2	 16   3.907264e+02   7.617188e-04
6 2	 17   3.908800e+02   6.350499e-04
6 2	 18   3.910089e+02   5.349794e-04
6 2	 19   3.911181e+02   4.548768e-04
6 2	 20   3.912115e+02   3.900000e-04
6 2	 21   3.912920e+02   3.368967e-04
6 2	 22   3.913618e+02   2.930128e-04
6 2	 23   3.914228e+02   2.564313e-04
6 2	 24   3.914764e+02   2.256944e-04
6 2	 25   3.915238e+02   1.996800e-04
6 2	 26   3.915658e+02   1.775148e-04
6 2	 27   3.916033e+02   1.585124e-04
6 2	 28   3.916369e+02   1.421283e-04
6 2	 29   3.916671e+02   1.279265e-04
6 2	 30   3.916943e+02   1.155556e-04
6 2	 31   3.917190e+02   1.047296e-04
6 2	 32   3.917414e+02   9.521484e-05
6 2	 33   3.917618e+02   8.681860e-05
6 2	 34   3.917805e+02   7.938123e-05
6 2	 35   3.917976e+02   7.276968e-05
6 2	 36   3.918133e+02   6.687243e-05
6 2	 37   3.918277e+02   6.159556e-05
6 2	 38   3.918411e+02   5.685960e-05
6 2	 39   3.918534e+02   5.259698e-05
6 2	 40   3.918648e+02   4.875000e-05
6 2	 41   3.918754e+02   4.526922e-05
6 2	 42   3.918853e+02   4.211208e-05
6 2	 43   3.918945e+02   3.924183e-05
6 2	 44   3.919031e+02   3.662660e-05
6 2	 45   3.919111e+02   3.423868e-05
6 2	 46   3.919186e+02   3.205392e-05
6 2	 47   3.919256e+02   3.005114e-05
6 2	 48   3.919322e+02   2.821181e-05
6 2	 49   3.919384e+02   2.651956e-05
6 2	 50   3.919442e+02   2.496000e-05
6 2	 51   3.919497e+02   2.352037e-05
6 2	 52   3.919549e+02   2.218935e-05
6 2	 53   3.919598e+02   2.095690e-05
6 2	 54   3.919644e+02   1.981405e-05
6 2	 55   3.919688e+02   1.875282e-05
6 2	 56   3.919730e+02   1.776603e-05
6 2	 57   3.919769e+02   1.684729e-05
6 2	 58   3.919806e+02   1.599082e-05
6 2	 59   3.919842e+02   1.519143e-05
6 2	 60   3.919876e+02   1.444444e-05
6 2	 61   3.919908e+02   1.374564e-05
6 2	 62   3.919938e+02   1.309120e-05
6 2	 63   3.919967e+02   1.247765e-05
6 2	 64   3.919995e+02   1.190186e-05
6 2	 65   3.920022e+02   1.136095e-05
6 2	 66   3.920047e+02   1.085232e-05
6 2	 67   3.920071e+02   1.037362e-05
6 2	 68   3.920094e+02   9.922654e-06
6 2	 69   3.920117e+02   9.497457e-06
6 2	 70   3.920138e+02   9.096210e-06
6 2	 71   3.920158e+02   8.717251e-06
6 2	 72   3.920178e+02   8.359053e-06
6 2	 73   3.920196e+02   8.020215e-06
6 2	 74   3.920214e+02   7.699445e-06
6 2	 75   3.920232e+02   7.395556e-06
6 2	 76   3.920248e+02   7.107450e-06
6 2	 77   3.920264e+02   6.834117e-06
6 2	 78   3.920279e+02   6.574622e-06
6 2	 79   3.920294e+02   6.328100e-06
6 2	 80   3.920308e+02   6.093750e-06
6 2	 81   3.920322e+02   5.870830e-06
6 2	 82   3.920335e+02   5.658653e-06
6 2	 83   3.920348e+02   5.456577e-06
6 2	 84   3.920360e+02   5.264010e-06
6 2	 85   3.920372e+02   5.080399e-06
6 2	 86   3.920384e+02   4.905228e-06
6 2	 87   3.920395e+02   4.738019e-06
6 2	 88   3.920405e+02   4.578325e-06
6 2	 89   3.920416e+02   4.425727e-06
6 2	 90   3.920426e+02   4.279835e-06
6 2	 91   3.920435e+02   4.140287e-06
6 2	 92   3.920445e+02   4.006740e-06
6 2	 93   3.920454e+02   3.878875e-06
6 2	 94   3.920463e+02   3.756393e-06
6 2	 95   3.920471e+02   3.639014e-06
6 2	 96   3.920479e+02   3.526476e-06
6 2	 97   3.920487e+02   3.418530e-06
6 2	 98   3.920495e+02   3.314945e-06
6 2	 99   3.920503e+02   3.215504e-06
6 2	100   3.920510e+02   3.120000e-06
7 2	  6   5.386182e+02   1.449074e-02
7 2	  7   5.421715e+02   9.125364e-03
7 2	  8   5.444798e+02   6.113281e-03
7 2	  9   5.460642e+02   4.293553e-03
7 2	 10   5.471988e+02   3.130000e-03
7 2	 11   5.480393e+02   2.351615e-03
7 2	 12   5.486793e+02   1.811343e-03
7 2	 13   5.491780e+02   1.424670e-03
7 2	 14   5.495740e+02   1.140671e-03
7 2	 15   5.498938e+02   9.274074e-04
7 2	 16   5.501558e+02   7.641602e-04
7 2	 17   5.503731e+02   6.370853e-04
7 2	 18   5.505554e+02   5.366941e-04
7 2	 19   5.507098e+02   4.563347e-04
7 2	 20   5.508417e+02   3.912500e-04
7 2	 21   5.509553e+02   3.379765e-04
7 2	 22   5.510538e+02   2.939519e-04
7 2	 23   5.511398e+02   2.572532e-04
7 2	 24   5.512153e+02   2.264178e-04
7 2	 25   5.512820e+02   2.003200e-04
7 2	 26   5.513412e+02   1.780838e-04
7 2	 27   5.513940e+02   1.590205e-04
7 2	 28   5.514412e+02   1.425838e-04
7 2	 29   5.514836e+02   1.283365e-04
7 2	 30   5.515219e+02   1.159259e-04
7 2	 31   5.515566e+02   1.050653e-04
7 2	 32   5.515881e+02   9.552002e-05
7 2	 33   5.516167e+02   8.709686e-05
7 2	 34   5.516429e+02   7.963566e-05
7 2	 35   5.516669e+02   7.300292e-05
7 2	 36   5.516890e+02   6.708676e-05
7 2	 37   5.517092e+02   6.179298e-05
7 2	 38   5.517279e+02   5.704184e-05
7 2	 39   5.517452e+02   5.276556e-05
7 2	 40   5.517612e+02   4.890625e-05
7 2	 41   5.517761e+02   4.541431e-05
7 2	 42   5.517899e+02   4.224706e-05
7 2	 43   5.518028e+02   3.936760e-05
7 2	 44   5.518148e+02   3.674399e-05
7 2	 45   5.518260e+02   3.434842e-05
7 2	 46   5.518365e+02   3.215665e-05
7 2	 47   5.518463e+02   3.014746e-05
7 2	 48   5.518556e+02   2.830223e-05
7 2	 49   5.518642e+02   2.660456e-05
7 2	 50   5.518724e+02   2.504000e-05
7 2	 51   5.518801e+02   2.359575e-05
7 2	 52   5.518873e+02   2.226047e-05
7 2	 53   5.518942e+02   2.102407e-05
7 2	 54   5.519007e+02   1.987756e-05
7 2	 55   5.519068e+02   1.881292e-05
7 2	 56   5.519126e+02   1.782298e-05
7 2	 57   5.519181e+02   1.690129e-05
7 2	 58   5.519233e+02   1.604207e-05
7 2	 59   5.519282e+02   1.524012e-05
7 2	 60   5.519330e+02   1.449074e-05
7 2	 61   5.519374e+02   1.378970e-05
7 2	 62   5.519417e+02   1.313316e-05
7 2	 63   5.519458e+02   1.251765e-05
7 2	 64   5.519496e+02   1.194000e-05
7 2	 65   5.519533e+02   1.139736e-05
7 2	 66   5.519569e+02   1.088711e-05
7 2	 67   5.519603e+02   1.040687e-05
7 2	 68   5.519635e+02   9.954458e-06
7 2	 69   5.519666e+02   9.527897e-06
7 2	 70   5.519695e+02   9.125364e-06
7 2	 71   5.519724e+02   8.745191e-06
7 2	 72   5.519751e+02   8.385845e-06
7 2	 73   5.519777e+02   8.045921e-06
7 2	 74   5.519802e+02   7.724123e-06
7 2	 75   5.519826e+02   7.419259e-06
7 2	 76   5.519849e+02   7.130230e-06
7 2	 77   5.519872e+02   6.856021e-06
7 2	 78   5.519893e+02   6.595694e-06
7 2	 79   5.519914e+02   6.348382e-06
7 2	 80   5.519933e+02   6.113281e-06
7 2	 81   5.519953e+02   5.889647e-06
7 2	 82   5.519971e+02   5.676789e-06
7 2	 83   5.519989e+02   5.474066e-06
7 2	 84   5.520006e+02   5.280882e-06
7 2	 85   5.520022e+02   5.096682e-06
7 2	 86   5.520038e+02   4.920950e-06
7 2	 87   5.520054e+02   4.753205e-06
7 2	 88   5.520069e+02   4.592999e-06
7 2	 89   5.520083e+02   4.439912e-06
7 2	 90   5.520097e+02   4.293553e-06
7 2	 91   5.520110e+02   4.153557e-06
7 2	 92   5.520123e+02   4.019582e-06
7 2	 93   5.520136e+02   3.891307e-06
7 2	 94   5.520148e+02   3.768433e-06
7 2	 95   5.520160e+02   3.650678e-06
7 2	 96   5.520171e+02   3.537779e-06
7 2	 97   5.520183e+02   3.429487e-06
7 2	 98   5.520193e+02   3.325570e-06
7 2	 99   5.520204e+02   3.225810e-06
7 2	100   5.520214e+02   3.130000e-06
8 2	  6   7.207755e+02   1.453704e-02
8 2	  7   7.256440e+02   9.154519e-03
8 2	  8   7.288127e+02   6.132813e-03
8 2	  9   7.309908e+02   4.307270e-03
8 2	 10   7.325527e+02   3.140000e-03
8 2	 11   7.337108e+02   2.359128e-03
8 2	 12   7.345935e+02   1.817130e-03
8 2	 13   7.352817e+02   1.429222e-03
8 2	 14   7.358287e+02   1.144315e-03
8 2	 15   7.362707e+02   9.303704e-04
8 2	 16   7.366330e+02   7.666016e-04
8 2	 17   7.369336e+02   6.391207e-04
8 2	 18   7.371859e+02   5.384088e-04
8 2	 19   7.373997e+02   4.577927e-04
8 2	 20   7.375824e+02   3.925000e-04
8 2	 21   7.377398e+02   3.390563e-04
8 2	 22   7.378763e+02   2.948911e-04
8 2	 23   7.379956e+02   2.580751e-04
8 2	 24   7.381003e+02   2.271412e-04
8 2	 25   7.381929e+02   2.009600e-04
8 2	 26   7.382750e+02   1.786527e-04
8 2	 27   7.383482e+02   1.595285e-04
8 2	 28   7.384138e+02   1.430394e-04
8 2	 29   7.384727e+02   1.287466e-04
8 2	 30   7.385259e+02   1.162963e-04
8 2	 31   7.385740e+02   1.054010e-04
8 2	 32   7.386177e+02   9.582520e-05
8 2	 33   7.386576e+02   8.737513e-05
8 2	 34   7.386940e+02   7.989009e-05
8 2	 35   7.387273e+02   7.323615e-05
8 2	 36   7.387579e+02   6.730110e-05
8 2	 37   7.387861e+02   6.199041e-05
8 2	 38   7.388121e+02   5.722409e-05
8 2	 39   7.388362e+02   5.293414e-05
8 2	 40   7.388584e+02   4.906250e-05
8 2	 41   7.388791e+02   4.555941e-05
8 2	 42   7.388983e+02   4.238203e-05
8 2	 43   7.389162e+02   3.949338e-05
8 2	 44   7.389329e+02   3.686138e-05
8 2	 45   7.389485e+02   3.445816e-05
8 2	 46   7.389631e+02   3.225939e-05
8 2	 47   7.389768e+02   3.024378e-05
8 2	 48   7.389897e+02   2.839265e-05
8 2	 49   7.390018e+02   2.668956e-05
8 2	 50   7.390131e+02   2.512000e-05
8 2	 51   7.390238e+02   2.367114e-05
8 2	 52   7.390339e+02   2.233159e-05
8 2	 53   7.390434e+02   2.109124e-05
8 2	 54   7.390525e+02   1.994107e-05
8 2	 55   7.390610e+02   1.887303e-05
8 2	 56   7.390691e+02   1.787992e-05
8 2	 57   7.390767e+02   1.695528e-05
8 2	 58   7.390840e+02   1.609332e-05
8 2	 59   7.390909e+02   1.528881e-05
8 2	 60   7.390974e+02   1.453704e-05
8 2	 61   7.391037e+02   1.383376e-05
8 2	 62   7.391096e+02   1.317512e-05
8 2	 63   7.391153e+02   1.255764e-05
8 2	 64   7.391207e+02   1.197815e-05
8 2	 65   7.391259e+02   1.143377e-05
8 2	 66   7.391308e+02   1.092189e-05
8 2	 67   7.391355e+02   1.044011e-05
8 2	 68   7.391400e+02   9.986261e-06
8 2	 69   7.391443e+02   9.558338e-06
8 2	 70   7.391484e+02   9.154519e-06
8 2	 71   7.391524e+02   8.773131e-06
8 2	 72   7.391562e+02   8.412637e-06
8 2	 73   7.391598e+02   8.071627e-06
8 2	 74   7.391633e+02   7.748801e-06
8 2	 75   7.391667e+02   7.442963e-06
8 2	 76   7.391699e+02   7.153011e-06
8 2	 77   7.391730e+02   6.877926e-06
8 2	 78   7.391760e+02   6.616767e-06
8 2	 79   7.391788e+02   6.368665e-06
8 2	 80   7.391816e+02   6.132812e-06
8 2	 81   7.391843e+02   5.908464e-06
8 2	 82   7.391868e+02   5.694926e-06
8 2	 83   7.391893e+02   5.491555e-06
8 2	 84   7.391917e+02   5.297754e-06
8 2	 85   7.391940e+02   5.112966e-06
8 2	 86   7.391962e+02   4.936672e-06
8 2	 87   7.391984e+02   4.768391e-06
8 2	 88   7.392004e+02   4.607673e-06
8 2	 89   7.392024e+02   4.454097e-06
8 2	 90   7.392044e+02   4.307270e-06
8 2	 91   7.392063e+02   4.166827e-06
8 2	 92   7.392081e+02   4.032424e-06
8 2	 93   7.392098e+02   3.903739e-06
8 2	 94   7.392115e+02   3.780473e-06
8 2	 95   7.392132e+02   3.662341e-06
8 2	 96   7.392148e+02   3.549081e-06
8 2	 97   7.392163e+02   3.440444e-06
8 2	 98   7.392178e+02   3.336195e-06
8 2	 99   7.392193e+02   3.236116e-06
8 2	100   7.392207e+02   3.140000e-06
10 2	  6   1.165220e+03   1.462963e-02
10 2	  7   1.173287e+03   9.212828e-03
10 2	  8   1.178534e+03   6.171875e-03
10 2	  9   1.182137e+03   4.334705e-03
10 2	 10   1.184719e+03   3.160000e-03
10 2	 11   1.186633e+03   2.374155e-03
10 2	 12   1.188091e+03   1.828704e-03
10 2	 13   1.189226e+03   1.438325e-03
10 2	 14   1.190129e+03   1.151603e-03
10 2	 15   1.190858e+03   9.362963e-04
10 2	 16   1.191455e+03   7.714844e-04
10 2	 17   1.191950e+03   6.431915e-04
10 2	 18   1.192366e+03   5.418381e-04
10 2	 19   1.192718e+03   4.607086e-04
10 2	 20   1.193019e+03   3.950000e-04
10 2	 21   1.193278e+03   3.412159e-04
10 2	 22   1.193503e+03   2.967693e-04
10 2	 23   1.193699e+03   2.597189e-04
10 2	 24   1.193871e+03   2.285880e-04
10 2	 25   1.194023e+03   2.022400e-04
10 2	 26   1.194158e+03   1.797906e-04
10 2	 27   1.194278e+03   1.605446e-04
10 2	 28   1.194386e+03   1.439504e-04
10 2	 29   1.194483e+03   1.295666e-04
10 2	 30   1.194570e+03   1.170370e-04
10 2	 31   1.194649e+03   1.060723e-04
10 2	 32   1.194721e+03   9.643555e-05
10 2	 33   1.194787e+03   8.793166e-05
10 2	 34   1.194846e+03   8.039894e-05
10 2	 35   1.194901e+03   7.370262e-05
10 2	 36   1.194951e+03   6.772977e-05
10 2	 37   1.194998e+03   6.238525e-05
10 2	 38   1.195040e+03   5.758857e-05
10 2	 39   1.195080e+03   5.327130e-05
10 2	 40   1.195116e+03   4.937500e-05
10 2	 41   1.195150e+03   4.584960e-05
10 2	 42   1.195182e+03   4.265198e-05
10 2	 43   1.195211e+03   3.974493e-05
10 2	 44   1.195238e+03   3.709617e-05
10 2	 45   1.195264e+03   3.467764e-05
10 2	 46   1.195288e+03   3.246486e-05
10 2	 47   1.195310e+03   3.043642e-05
10 2	 48   1.195331e+03   2.857350e-05
10 2	 49   1.195351e+03   2.685956e-05
10 2	 50   1.195370e+03   2.528000e-05
10 2	 51   1.195387e+03   2.382191e-05
10 2	 52   1.195404e+03   2.247383e-05
10 2	 53   1.195420e+03   2.122558e-05
10 2	 54   1.195434e+03   2.006808e-05
10 2	 55   1.195448e+03   1.899324e-05
10 2	 56   1.195462e+03   1.799380e-05
10 2	 57   1.195474e+03   1.706328e-05
10 2	 58   1.195486e+03   1.619583e-05
10 2	 59   1.195497e+03   1.538619e-05
10 2	 60   1.195508e+03   1.462963e-05
10 2	 61   1.195518e+03   1.392187e-05
10 2	 62   1.195528e+03   1.325904e-05
10 2	 63   1.195537e+03   1.263762e-05
10 2	 64   1.195546e+03   1.205444e-05
10 2	 65   1.195555e+03   1.150660e-05
10 2	 66   1.195563e+03   1.099146e-05
10 2	 67   1.195570e+03   1.050661e-05
10 2	 68   1.195578e+03   1.004987e-05
10 2	 69   1.195585e+03   9.619219e-06
10 2	 70   1.195592e+03   9.212828e-06
10 2	 71   1.195598e+03   8.829011e-06
10 2	 72   1.195604e+03   8.466221e-06
10 2	 73   1.195610e+03   8.123038e-06
10 2	 74   1.195616e+03   7.798156e-06
10 2	 75   1.195621e+03   7.490370e-06
10 2	 76   1.195627e+03   7.198571e-06
10 2	 77   1.195632e+03   6.921734e-06
10 2	 78   1.195637e+03   6.658912e-06
10 2	 79   1.195641e+03   6.409229e-06
10 2	 80   1.195646e+03   6.171875e-06
10 2	 81   1.195650e+03   5.946097e-06
10 2	 82   1.195654e+03   5.731199e-06
10 2	 83   1.195658e+03   5.526533e-06
10 2	 84   1.195662e+03   5.331498e-06
10 2	 85   1.195666e+03   5.145532e-06
10 2	 86   1.195670e+03   4.968116e-06
10 2	 87   1.195673e+03   4.798763e-06
10 2	 88   1.195677e+03   4.637021e-06
10 2	 89   1.195680e+03   4.482467e-06
10 2	 90   1.195683e+03   4.334705e-06
10 2	 91   1.195686e+03   4.193367e-06
10 2	 92   1.195689e+03   4.058108e-06
10 2	 93   1.195692e+03   3.928604e-06
10 2	 94   1.195695e+03   3.804552e-06
10 2	 95   1.195697e+03   3.685668e-06
10 2	 96   1.195700e+03   3.571687e-06
10 2	 97   1.195703e+03   3.462357e-06
10 2	 98   1.195705e+03   3.357445e-06
10 2	 99   1.195707e+03   3.256728e-06
10 2	100   1.195710e+03   3.160000e-06
12 2	  6   1.716073e+03   1.476852e-02
12 2	  7   1.728140e+03   9.300292e-03
12 2	  8   1.735986e+03   6.230469e-03
12 2	  9   1.741374e+03   4.375857e-03
12 2	 10   1.745234e+03   3.190000e-03
12 2	 11   1.748094e+03   2.396694e-03
12 2	 12   1.750272e+03   1.846065e-03
12 2	 13   1.751969e+03   1.451980e-03
12 2	 14   1.753318e+03   1.162536e-03
12 2	 15   1.754406e+03   9.451852e-04
12 2	 16   1.755298e+03   7.788086e-04
12 2	 17   1.756038e+03   6.492978e-04
12 2	 18   1.756658e+03   5.469822e-04
12 2	 19   1.757184e+03   4.650824e-04
12 2	 20   1.757633e+03   3.987500e-04
12 2	 21   1.758019e+03   3.444552e-04
12 2	 22   1.758355e+03   2.995868e-04
12 2	 23   1.758647e+03   2.621846e-04
12 2	 24   1.758904e+03   2.307581e-04
12 2	 25   1.759131e+03   2.041600e-04
12 2	 26   1.759333e+03   1.814975e-04
12 2	 27   1.759512e+03   1.620688e-04
12 2	 28   1.759673e+03   1.453171e-04
12 2	 29   1.759817e+03   1.307967e-04
12 2	 30   1.759948e+03   1.181481e-04
12 2	 31   1.760065e+03   1.070793e-04
12 2	 32   1.760173e+03   9.735107e-05
12 2	 33   1.760270e+03   8.876645e-05
12 2	 34   1.760359e+03   8.116222e-05
12 2	 35   1.760441e+03   7.440233e-05
12 2	 36   1.760516e+03   6.837277e-05
12 2	 37   1.760585e+03   6.297751e-05
12 2	 38   1.760648e+03   5.813530e-05
12 2	 39   1.760707e+03   5.377704e-05
12 2	 40   1.760761e+03   4.984375e-05
12 2	 41   1.760812e+03   4.628488e-05
12 2	 42   1.760859e+03   4.305691e-05
12 2	 43   1.760903e+03   4.012225e-05
12 2	 44   1.760944e+03   3.744835e-05
12 2	 45   1.760982e+03   3.500686e-05
12 2	 46   1.761017e+03   3.277307e-05
12 2	 47   1.761051e+03   3.072537e-05
12 2	 48   1.761082e+03   2.884476e-05
12 2	 49   1.761112e+03   2.711455e-05
12 2	 50   1.761139e+03   2.552000e-05
12 2	 51   1.761166e+03   2.404807e-05
12 2	 52   1.761190e+03   2.268719e-05
12 2	 53   1.761213e+03   2.142708e-05
12 2	 54   1.761235e+03   2.025860e-05
12 2	 55   1.761256e+03   1.917355e-05
12 2	 56   1.761276e+03   1.816463e-05
12 2	 57   1.761295e+03   1.722527e-05
12 2	 58   1.761312e+03   1.634958e-05
12 2	 59   1.761329e+03   1.553226e-05
12 2	 60   1.761345e+03   1.476852e-05
12 2	 61   1.761360e+03   1.405404e-05
12 2	 62   1.761375e+03   1.338491e-05
12 2	 63   1.761389e+03   1.275760e-05
12 2	 64   1.761402e+03   1.216888e-05
12 2	 65   1.761414e+03   1.161584e-05
12 2	 66   1.761426e+03   1.109581e-05
12 2	 67   1.761438e+03   1.060636e-05
12 2	 68   1.761449e+03   1.014528e-05
12 2	 69   1.761459e+03   9.710541e-06
12 2	 70   1.761469e+03   9.300292e-06
12 2	 71   1.761479e+03   8.912830e-06
12 2	 72   1.761488e+03   8.546596e-06
12 2	 73   1.761497e+03   8.200156e-06
12 2	 74   1.761506e+03   7.872189e-06
12 2	 75   1.761514e+03   7.561481e-06
12 2	 76   1.761522e+03   7.266912e-06
12 2	 77   1.761529e+03   6.987447e-06
12 2	 78   1.761537e+03   6.722130e-06
12 2	 79   1.761544e+03   6.470076e-06
12 2	 80   1.761550e+03   6.230469e-06
12 2	 81   1.761557e+03   6.002548e-06
12 2	 82   1.761563e+03   5.785610e-06
12 2	 83   1.761569e+03   5.579001e-06
12 2	 84   1.761575e+03   5.382113e-06
12 2	 85   1.761580e+03   5.194382e-06
12 2	 86   1.761586e+03   5.015282e-06
12 2	 87   1.761591e+03   4.844321e-06
12 2	 88   1.761596e+03   4.681043e-06
12 2	 89   1.761601e+03   4.525022e-06
12 2	 90   1.761606e+03   4.375857e-06
12 2	 91   1.761610e+03   4.233178e-06
12 2	 92   1.761615e+03   4.096634e-06
12 2	 93   1.761619e+03   3.965901e-06
12 2	 94   1.761623e+03   3.840671e-06
12 2	 95   1.761627e+03   3.720659e-06
12 2	 96   1.761631e+03   3.605595e-06
12 2	 97   1.761635e+03   3.495228e-06
12 2	 98   1.761638e+03   3.389319e-06
12 2	 99   1.761642e+03   3.287646e-06
12 2	100   1.761645e+03   3.190000e-06
13 2	  6   2.031550e+03   1.481481e-02
13 2	  7   2.045917e+03   9.329446e-03
13 2	  8   2.055256e+03   6.250000e-03
13 2	  9   2.061669e+03   4.389575e-03
13 2	 10   2.066262e+03   3.200000e-03
13 2	 11   2.069664e+03   2.404207e-03
13 2	 12   2.072255e+03   1.851852e-03
13 2	 13   2.074274e+03   1.456532e-03
13 2	 14   2.075877e+03   1.166181e-03
13 2	 15   2.077172e+03   9.481481e-04
13 2	 16   2.078232e+03   7.812500e-04
13 2	 17   2.079112e+03   6.513332e-04
13 2	 18   2.079850e+03   5.486968e-04
13 2	 19   2.080474e+03   4.665403e-04
13 2	 20   2.081008e+03   4.000000e-04
13 2	 21   2.081468e+03   3.455350e-04
13 2	 22   2.081866e+03   3.005259e-04
13 2	 23   2.082214e+03   2.630065e-04
13 2	 24   2.082519e+03   2.314815e-04
13 2	 25   2.082789e+03   2.048000e-04
13 2	 26   2.083029e+03   1.820665e-04
13 2	 27   2.083242e+03   1.625768e-04
13 2	 28   2.083433e+03   1.457726e-04
13 2	 29   2.083604e+03   1.312067e-04
13 2	 30   2.083759e+03   1.185185e-04
13 2	 31   2.083899e+03   1.074150e-04
13 2	 32   2.084027e+03   9.765625e-05
13 2	 33   2.084142e+03   8.904472e-05
13 2	 34   2.084248e+03   8.141665e-05
13 2	 35   2.084345e+03   7.463557e-05
13 2	 36   2.084434e+03   6.858711e-05
13 2	 37   2.084516e+03   6.317494e-05
13 2	 38   2.084592e+03   5.831754e-05
13 2	 39   2.084661e+03   5.394562e-05
13 2	 40   2.084726e+03   5.000000e-05
13 2	 41   2.084786e+03   4.642997e-05
13 2	 42   2.084842e+03   4.319188e-05
13 2	 43   2.084894e+03   4.024803e-05
13 2	 44   2.084942e+03   3.756574e-05
13 2	 45   2.084988e+03   3.511660e-05
13 2	 46   2.085030e+03   3.287581e-05
13 2	 47   2.085070e+03   3.082169e-05
13 2	 48   2.085107e+03   2.893519e-05
13 2	 49   2.085142e+03   2.719955e-05
13 2	 50   2.085175e+03   2.560000e-05
13 2	 51   2.085206e+03   2.412345e-05
13 2	 52   2.085235e+03   2.275831e-05
13 2	 53   2.085263e+03   2.149425e-05
13 2	 54   2.085289e+03   2.032211e-05
13 2	 55   2.085314e+03   1.923366e-05
13 2	 56   2.085337e+03   1.822157e-05
13 2	 57   2.085359e+03   1.727927e-05
13 2	 58   2.085380e+03   1.640084e-05
13 2	 59   2.085400e+03   1.558095e-05
13 2	 60   2.085419e+03   1.481481e-05
13 2	 61   2.085437e+03   1.409810e-05
13 2	 62   2.085455e+03   1.342687e-05
13 2	 63   2.085471e+03   1.279759e-05
13 2	 64   2.085487e+03   1.220703e-05
13 2	 65   2.085501e+03   1.165225e-05
13 2	 66   2.085516e+03   1.113059e-05
13 2	 67   2.085529e+03   1.063961e-05
13 2	 68   2.085542e+03   1.017708e-05
13 2	 69   2.085555e+03   9.740981e-06
13 2	 70   2.085567e+03   9.329446e-06
13 2	 71   2.085578e+03   8.940770e-06
13 2	 72   2.085589e+03   8.573388e-06
13 2	 73   2.085600e+03   8.225862e-06
13 2	 74   2.085610e+03   7.896867e-06
13 2	 75   2.085620e+03   7.585185e-06
13 2	 76   2.085629e+03   7.289692e-06
13 2	 77   2.085638e+03   7.009351e-06
13 2	 78   2.085646e+03   6.743202e-06
13 2	 79   2.085655e+03   6.490359e-06
13 2	 80   2.085663e+03   6.250000e-06
13 2	 81   2.085670e+03   6.021365e-06
13 2	 82   2.085678e+03   5.803746e-06
13 2	 83   2.085685e+03   5.596490e-06
13 2	 84   2.085692e+03   5.398985e-06
13 2	 85   2.085699e+03   5.210666e-06
13 2	 86   2.085705e+03   5.031004e-06
13 2	 87   2.085711e+03   4.859507e-06
13 2	 88   2.085717e+03   4.695718e-06
13 2	 89   2.085723e+03   4.539207e-06
13 2	 90   2.085729e+03   4.389575e-06
13 2	 91   2.085734e+03   4.246448e-06
13 2	 92   2.085739e+03   4.109476e-06
13 2	 93   2.085744e+03   3.978333e-06
13 2	 94   2.085749e+03   3.852711e-06
13 2	 95   2.085754e+03   3.732322e-06
13 2	 96   2.085759e+03   3.616898e-06
13 2	 97   2.085763e+03   3.506185e-06
13 2	 98   2.085767e+03   3.399944e-06
13 2	 99   2.085772e+03   3.297952e-06
13 2	100   2.085776e+03   3.200000e-06
14 2	  6   2.373739e+03   1.481481e-02
14 2	  7   2.390606e+03   9.329446e-03
14 2	  8   2.401569e+03   6.250000e-03
14 2	  9   2.409096e+03   4.389575e-03
14 2	 10   2.414486e+03   3.200000e-03
14 2	 11   2.418479e+03   2.404207e-03
14 2	 12   2.421519e+03   1.851852e-03
14 2	 13   2.423887e+03   1.456532e-03
14 2	 14   2.425768e+03   1.166181e-03
14 2	 15   2.427287e+03   9.481481e-04
14 2	 16   2.428531e+03   7.812500e-04
14 2	 17   2.429563e+03   6.513332e-04
14 2	 18   2.430428e+03   5.486968e-04
14 2	 19   2.431160e+03   4.665403e-04
14 2	 20   2.431786e+03   4.000000e-04
14 2	 21   2.432325e+03   3.455350e-04
14 2	 22   2.432793e+03   3.005259e-04
14 2	 23   2.433201e+03   2.630065e-04
14 2	 24   2.433559e+03   2.314815e-04
14 2	 25   2.433875e+03   2.048000e-04
14 2	 26   2.434156e+03   1.820665e-04
14 2	 27   2.434406e+03   1.625768e-04
14 2	 28   2.434630e+03   1.457726e-04
14 2	 29   2.434831e+03   1.312067e-04
14 2	 30   2.435012e+03   1.185185e-04
14 2	 31   2.435176e+03   1.074150e-04
14 2	 32   2.435326e+03   9.765625e-05
14 2	 33   2.435461e+03   8.904472e-05
14 2	 34   2.435586e+03   8.141665e-05
14 2	 35   2.435699e+03   7.463557e-05
14 2	 36   2.435803e+03   6.858711e-05
14 2	 37   2.435899e+03   6.317494e-05
14 2	 38   2.435988e+03   5.831754e-05
14 2	 39   2.436070e+03   5.394562e-05
14 2	 40   2.436146e+03   5.000000e-05
14 2	 41   2.436216e+03   4.642997e-05
14 2	 42   2.436281e+03   4.319188e-05
14 2	 43   2.436342e+03   4.024803e-05
14 2	 44   2.436399e+03   3.756574e-05
14 2	 45   2.436452e+03   3.511660e-05
14 2	 46   2.436502e+03   3.287581e-05
14 2	 47   2.436548e+03   3.082169e-05
14 2	 48   2.436592e+03   2.893519e-05
14 2	 49   2.436633e+03   2.719955e-05
14 2	 50   2.436672e+03   2.560000e-05
14 2	 51   2.436708e+03   2.412345e-05
14 2	 52   2.436742e+03   2.275831e-05
14 2	 53   2.436775e+03   2.149425e-05
14 2	 54   2.436805e+03   2.032211e-05
14 2	 55   2.436834e+03   1.923366e-05
14 2	 56   2.436862e+03   1.822157e-05
14 2	 57   2.436888e+03   1.727927e-05
14 2	 58   2.436912e+03   1.640084e-05
14 2	 59   2.436936e+03   1.558095e-05
14 2	 60   2.436958e+03   1.481481e-05
14 2	 61   2.436979e+03   1.409810e-05
14 2	 62   2.436999e+03   1.342687e-05
14 2	 63   2.437018e+03   1.279759e-05
14 2	 64   2.437037e+03   1.220703e-05
14 2	 65   2.437054e+03   1.165225e-05
14 2	 66   2.437071e+03   1.113059e-05
14 2	 67   2.437087e+03   1.063961e-05
14 2	 68   2.437102e+03   1.017708e-05
14 2	 69   2.437117e+03   9.740981e-06
14 2	 70   2.437131e+03   9.329446e-06
14 2	 71   2.437144e+03   8.940770e-06
14 2	 72   2.437157e+03   8.573388e-06
14 2	 73   2.437169e+03   8.225862e-06
14 2	 74   2.437181e+03   7.896867e-06
14 2	 75   2.437192e+03   7.585185e-06
14 2	 76   2.437203e+03   7.289692e-06
14 2	 77   2.437214e+03   7.009351e-06
14 2	 78   2.437224e+03   6.743202e-06
14 2	 79   2.437234e+03   6.490359e-06
14 2	 80   2.437243e+03   6.250000e-06
14 2	 81   2.437252e+03   6.021365e-06
14 2	 82   2.437261e+03   5.803746e-06
14 2	 83   2.437269e+03   5.596490e-06
14 2	 84   2.437277e+03   5.398985e-06
14 2	 85   2.437285e+03   5.210666e-06
14 2	 86   2.437293e+03   5.031004e-06
14 2	 87   2.437300e+03   4.859507e-06
14 2	 88   2.437307e+03   4.695718e-06
14 2	 89   2.437314e+03   4.539207e-06
14 2	 90   2.437320e+03   4.389575e-06
14 2	 91   2.437327e+03   4.246448e-06
14 2	 92   2.437333e+03   4.109476e-06
14 2	 93   2.437339e+03   3.978333e-06
14 2	 94   2.437344e+03   3.852711e-06
14 2	 95   2.437350e+03   3.732322e-06
14 2	 96   2.437355e+03   3.616898e-06
14 2	 97   2.437361e+03   3.506185e-06
14 2	 98   2.437366e+03   3.399944e-06
14 2	 99   2.437371e+03   3.297952e-06
14 2	100   2.437375e+03   3.200000e-06
16 2	  6   3.138705e+03   1.481481e-02
16 2	  7   3.161190e+03   9.329446e-03
16 2	  8   3.175802e+03   6.250000e-03
16 2	  9   3.185832e+03   4.389575e-03
16 2	 10   3.193014e+03   3.200000e-03
16 2	 11   3.198333e+03   2.404207e-03
16 2	 12   3.202383e+03   1.851852e-03
16 2	 13   3.205537e+03   1.456532e-03
16 2	 14   3.208042e+03   1.166181e-03
16 2	 15   3.210065e+03   9.481481e-04
16 2	 16   3.211721e+03   7.812500e-04
16 2	 17   3.213094e+03   6.513332e-04
16 2	 18   3.214246e+03   5.486968e-04
16 2	 19   3.215221e+03   4.665403e-04
16 2	 20   3.216054e+03   4.000000e-04
16 2	 21   3.216772e+03   3.455350e-04
16 2	 22   3.217394e+03   3.005259e-04
16 2	 23   3.217937e+03   2.630065e-04
16 2	 24   3.218413e+03   2.314815e-04
16 2	 25   3.218834e+03   2.048000e-04
16 2	 26   3.219207e+03   1.820665e-04
16 2	 27   3.219540e+03   1.625768e-04
16 2	 28   3.219838e+03   1.457726e-04
16 2	 29   3.220106e+03   1.312067e-04
16 2	 30   3.220347e+03   1.185185e-04
16 2	 31   3.220566e+03   1.074150e-04
16 2	 32   3.220764e+03   9.765625e-05
16 2	 33   3.220945e+03   8.904472e-05
16 2	 34   3.221110e+03   8.141665e-05
16 2	 35   3.221261e+03   7.463557e-05
16 2	 36   3.221399e+03   6.858711e-05
16 2	 37   3.221527e+03   6.317494e-05
16 2	 38   3.221645e+03   5.831754e-05
16 2	 39   3.221754e+03   5.394562e-05
16 2	 40   3.221855e+03   5.000000e-05
16 2	 41   3.221948e+03   4.642997e-05
16 2	 42   3.222035e+03   4.319188e-05
16 2	 43   3.222116e+03   4.024803e-05
16 2	 44   3.222192e+03   3.756574e-05
16 2	 45   3.222262e+03   3.511660e-05
16 2	 46   3.222328e+03   3.287581e-05
16 2	 47   3.222390e+03   3.082169e-05
16 2	 48   3.222448e+03   2.893519e-05
16 2	 49   3.222503e+03   2.719955e-05
16 2	 50   3.222554e+03   2.560000e-05
16 2	 51   3.222602e+03   2.412345e-05
16 2	 52   3.222648e+03   2.275831e-05
16 2	 53   3.222691e+03   2.149425e-05
16 2	 54   3.222732e+03   2.032211e-05
16 2	 55   3.222770e+03   1.923366e-05
16 2	 56   3.222806e+03   1.822157e-05
16 2	 57   3.222841e+03   1.727927e-05
16 2	 58   3.222874e+03   1.640084e-05
16 2	 59   3.222905e+03   1.558095e-05
16 2	 60   3.222934e+03   1.481481e-05
16 2	 61   3.222963e+03   1.409810e-05
16 2	 62   3.222989e+03   1.342687e-05
16 2	 63   3.223015e+03   1.279759e-05
16 2	 64   3.223039e+03   1.220703e-05
16 2	 65   3.223063e+03   1.165225e-05
16 2	 66   3.223085e+03   1.113059e-05
16 2	 67   3.223106e+03   1.063961e-05
16 2	 68   3.223126e+03   1.017708e-05
16 2	 69   3.223146e+03   9.740981e-06
16 2	 70   3.223164e+03   9.329446e-06
16 2	 71   3.223182e+03   8.940770e-06
16 2	 72   3.223199e+03   8.573388e-06
16 2	 73   3.223215e+03   8.225862e-06
16 2	 74   3.223231e+03   7.896867e-06
16 2	 75   3.223246e+03   7.585185e-06
16 2	 76   3.223261e+03   7.289692e-06
16 2	 77   3.223275e+03   7.009351e-06
16 2	 78   3.223288e+03   6.743202e-06
16 2	 79   3.223301e+03   6.490359e-06
16 2	 80   3.223314e+03   6.250000e-06
16 2	 81   3.223326e+03   6.021365e-06
16 2	 82   3.223337e+03   5.803746e-06
16 2	 83   3.223348e+03   5.596490e-06
16 2	 84   3.223359e+03   5.398985e-06
16 2	 85   3.223369e+03   5.210666e-06
16 2	 86   3.223379e+03   5.031004e-06
16 2	 87   3.223389e+03   4.859507e-06
16 2	 88   3.223398e+03   4.695718e-06
16 2	 89   3.223407e+03   4.539207e-06
16 2	 90   3.223416e+03   4.389575e-06
16 2	 91   3.223424e+03   4.246448e-06
16 2	 92   3.223433e+03   4.109476e-06
16 2	 93   3.223440e+03   3.978333e-06
16 2	 94   3.223448e+03   3.852711e-06
16 2	 95   3.223456e+03   3.732322e-06
16 2	 96   3.223463e+03   3.616898e-06
16 2	 97   3.223470e+03   3.506185e-06
16 2	 98   3.223476e+03   3.399944e-06
16 2	 99   3.223483e+03   3.297952e-06
16 2	100   3.223489e+03   3.200000e-06
18 2	  6   4.021107e+03   1.486111e-02
18 2	  7   4.047535e+03   9.358601e-03
18 2	  8   4.064660e+03   6.269531e-03
18 2	  9   4.076388e+03   4.403292e-03
18 2	 10   4.084770e+03   3.210000e-03
18 2	 11   4.090969e+03   2.411721e-03
18 2	 12   4.095682e+03   1.857639e-03
18 2	 13   4.099348e+03   1.461083e-03
18 2	 14   4.102257e+03   1.169825e-03
18 2	 15   4.104603e+03   9.511111e-04
18 2	 16   4.106522e+03   7.836914e-04
18 2	 17   4.108113e+03   6.533686e-04
18 2	 18   4.109446e+03   5.504115e-04
18 2	 19   4.110574e+03   4.679983e-04
18 2	 20   4.111537e+03   4.012500e-04
18 2	 21   4.112365e+03   3.466148e-04
18 2	 22   4.113084e+03   3.014651e-04
18 2	 23   4.113710e+03   2.638284e-04
18 2	 24   4.114260e+03   2.322049e-04
18 2	 25   4.114745e+03   2.054400e-04
18 2	 26   4.115175e+03   1.826354e-04
18 2	 27   4.115559e+03   1.630849e-04
18 2	 28   4.115902e+03   1.462281e-04
18 2	 29   4.116210e+03   1.316167e-04
18 2	 30   4.116488e+03   1.188889e-04
18 2	 31   4.116739e+03   1.077507e-04
18 2	 32   4.116967e+03   9.796143e-05
18 2	 33   4.117175e+03   8.932298e-05
18 2	 34   4.117364e+03   8.167108e-05
18 2	 35   4.117538e+03   7.486880e-05
18 2	 36   4.117697e+03   6.880144e-05
18 2	 37   4.117844e+03   6.337236e-05
18 2	 38   4.117979e+03   5.849978e-05
18 2	 39   4.118104e+03   5.411420e-05
18 2	 40   4.118220e+03   5.015625e-05
18 2	 41   4.118327e+03   4.657506e-05
18 2	 42   4.118427e+03   4.332685e-05
18 2	 43   4.118520e+03   4.037380e-05
18 2	 44   4.118606e+03   3.768313e-05
18 2	 45   4.118687e+03   3.522634e-05
18 2	 46   4.118763e+03   3.297855e-05
18 2	 47   4.118834e+03   3.091800e-05
18 2	 48   4.118900e+03   2.902561e-05
18 2	 49   4.118963e+03   2.728455e-05
18 2	 50   4.119022e+03   2.568000e-05
18 2	 51   4.119077e+03   2.419884e-05
18 2	 52   4.119129e+03   2.282943e-05
18 2	 53   4.119178e+03   2.156142e-05
18 2	 54   4.119225e+03   2.038561e-05
18 2	 55   4.119269e+03   1.929376e-05
18 2	 56   4.119311e+03   1.827852e-05
18 2	 57   4.119350e+03   1.733327e-05
18 2	 58   4.119388e+03   1.645209e-05
18 2	 59   4.119423e+03   1.562964e-05
18 2	 60   4.119457e+03   1.486111e-05
18 2	 61   4.119489e+03   1.414215e-05
18 2	 62   4.119520e+03   1.346883e-05
18 2	 63   4.119549e+03   1.283759e-05
18 2	 64   4.119577e+03   1.224518e-05
18 2	 65   4.119603e+03   1.168867e-05
18 2	 66   4.119629e+03   1.116537e-05
18 2	 67   4.119653e+03   1.067286e-05
18 2	 68   4.119676e+03   1.020888e-05
18 2	 69   4.119698e+03   9.771422e-06
18 2	 70   4.119720e+03   9.358601e-06
18 2	 71   4.119740e+03   8.968710e-06
18 2	 72   4.119760e+03   8.600180e-06
18 2	 73   4.119778e+03   8.251567e-06
18 2	 74   4.119796e+03   7.921545e-06
18 2	 75   4.119813e+03   7.608889e-06
18 2	 76   4.119830e+03   7.312473e-06
18 2	 77   4.119846e+03   7.031255e-06
18 2	 78   4.119861e+03   6.764275e-06
18 2	 79   4.119876e+03   6.510641e-06
18 2	 80   4.119890e+03   6.269531e-06
18 2	 81   4.119904e+03   6.040181e-06
18 2	 82   4.119917e+03   5.821883e-06
18 2	 83   4.119930e+03   5.613979e-06
18 2	 84   4.119942e+03   5.415857e-06
18 2	 85   4.119954e+03   5.226949e-06
18 2	 86   4.119965e+03   5.046725e-06
18 2	 87   4.119976e+03   4.874693e-06
18 2	 88   4.119987e+03   4.710392e-06
18 2	 89   4.119997e+03   4.553392e-06
18 2	 90   4.120007e+03   4.403292e-06
18 2	 91   4.120017e+03   4.259718e-06
18 2	 92   4.120026e+03   4.122319e-06
18 2	 93   4.120035e+03   3.990765e-06
18 2	 94   4.120044e+03   3.864751e-06
18 2	 95   4.120052e+03   3.743986e-06
18 2	 96   4.120060e+03   3.628201e-06
18 2	 97   4.120068e+03   3.517141e-06
18 2	 98   4.120076e+03   3.410569e-06
18 2	 99   4.120083e+03   3.308259e-06
18 2	100   4.120091e+03   3.210000e-06
20 2	  6   4.987184e+03   1.486111e-02
20 2	  7   5.024988e+03   9.358601e-03
20 2	  8   5.049524e+03   6.269531e-03
20 2	  9   5.066346e+03   4.403292e-03
20 2	 10   5.078378e+03   3.210000e-03
20 2	 11   5.087281e+03   2.411721e-03
20 2	 12   5.094052e+03   1.857639e-03
20 2	 13   5.099322e+03   1.461083e-03
20 2	 14   5.103503e+03   1.169825e-03
20 2	 15   5.106876e+03   9.511111e-04
20 2	 16   5.109637e+03   7.836914e-04
20 2	 17   5.111925e+03   6.533686e-04
20 2	 18   5.113843e+03   5.504115e-04
20 2	 19   5.115465e+03   4.679983e-04
20 2	 20   5.116851e+03   4.012500e-04
20 2	 21   5.118043e+03   3.466148e-04
20 2	 22   5.119076e+03   3.014651e-04
20 2	 23   5.119978e+03   2.638284e-04
20 2	 24   5.120769e+03   2.322049e-04
20 2	 25   5.121467e+03   2.054400e-04
20 2	 26   5.122087e+03   1.826354e-04
20 2	 27   5.122638e+03   1.630849e-04
20 2	 28   5.123132e+03   1.462281e-04
20 2	 29   5.123575e+03   1.316167e-04
20 2	 30   5.123975e+03   1.188889e-04
20 2	 31   5.124337e+03   1.077507e-04
20 2	 32   5.124666e+03   9.796143e-05
20 2	 33   5.124965e+03   8.932298e-05
20 2	 34   5.125238e+03   8.167108e-05
20 2	 35   5.125487e+03   7.486880e-05
20 2	 36   5.125717e+03   6.880144e-05
20 2	 37   5.125928e+03   6.337236e-05
20 2	 38   5.126123e+03   5.849978e-05
20 2	 39   5.126302e+03   5.411420e-05
20 2	 40   5.126469e+03   5.015625e-05
20 2	 41   5.126623e+03   4.657506e-05
20 2	 42   5.126767e+03   4.332685e-05
20 2	 43   5.126901e+03   4.037380e-05
20 2	 44   5.127025e+03   3.768313e-05
20 2	 45   5.127142e+03   3.522634e-05
20 2	 46   5.127251e+03   3.297855e-05
20 2	 47   5.127353e+03   3.091800e-05
20 2	 48   5.127449e+03   2.902561e-05
20 2	 49   5.127538e+03   2.728455e-05
20 2	 50   5.127623e+03   2.568000e-05
20 2	 51   5.127703e+03   2.419884e-05
20 2	 52   5.127778e+03   2.282943e-05
20 2	 53   5.127849e+03   2.156142e-05
20 2	 54   5.127916e+03   2.038561e-05
20 2	 55   5.127979e+03   1.929376e-05
20 2	 56   5.128039e+03   1.827852e-05
20 2	 57   5.128096e+03   1.733327e-05
20 2	 58   5.128150e+03   1.645209e-05
20 2	 59   5.128201e+03   1.562964e-05
20 2	 60   5.128250e+03   1.486111e-05
20 2	 61   5.128296e+03   1.414215e-05
20 2	 62   5.128341e+03   1.346883e-05
20 2	 63   5.128383e+03   1.283759e-05
20 2	 64   5.128423e+03   1.224518e-05
20 2	 65   5.128461e+03   1.168867e-05
20 2	 66   5.128497e+03   1.116537e-05
20 2	 67   5.128532e+03   1.067286e-05
20 2	 68   5.128566e+03   1.020888e-05
20 2	 69   5.128598e+03   9.771422e-06
20 2	 70   5.128628e+03   9.358601e-06
20 2	 71   5.128657e+03   8.968710e-06
20 2	 72   5.128685e+03   8.600180e-06
20 2	 73   5.128712e+03   8.251567e-06
20 2	 74   5.128738e+03   7.921545e-06
20 2	 75   5.128763e+03   7.608889e-06
20 2	 76   5.128787e+03   7.312473e-06
20 2	 77   5.128810e+03   7.031255e-06
20 2	 78   5.128832e+03   6.764275e-06
20 2	 79   5.128853e+03   6.510641e-06
20 2	 80   5.128873e+03   6.269531e-06
20 2	 81   5.128893e+03   6.040181e-06
20 2	 82   5.128912e+03   5.821883e-06
20 2	 83   5.128930e+03   5.613979e-06
20 2	 84   5.128948e+03   5.415857e-06
20 2	 85   5.128965e+03   5.226949e-06
20 2	 86   5.128981e+03   5.046725e-06
20 2	 87   5.128997e+03   4.874693e-06
20 2	 88   5.129013e+03   4.710392e-06
20 2	 89   5.129027e+03   4.553392e-06
20 2	 90   5.129042e+03   4.403292e-06
20 2	 91   5.129056e+03   4.259718e-06
20 2	 92   5.129069e+03   4.122319e-06
20 2	 93   5.129082e+03   3.990765e-06
20 2	 94   5.129094e+03   3.864751e-06
20 2	 95   5.129107e+03   3.743986e-06
20 2	 96   5.129118e+03   3.628201e-06
20 2	 97   5.129130e+03   3.517141e-06
20 2	 98   5.129141e+03   3.410569e-06
20 2	 99   5.129152e+03   3.308259e-06
20 2	100   5.129162e+03   3.210000e-06
26 2	  6   8.585487e+03   1.486111e-02
26 2	  7   8.650566e+03   9.358601e-03
26 2	  8   8.692806e+03   6.269531e-03
26 2	  9   8.721765e+03   4.403292e-03
26 2	 10   8.742479e+03   3.210000e-03
26 2	 11   8.757805e+03   2.411721e-03
26 2	 12   8.769462e+03   1.857639e-03
26 2	 13   8.778533e+03   1.461083e-03
26 2	 14   8.785732e+03   1.169825e-03
26 2	 15   8.791539e+03   9.511111e-04
26 2	 16   8.796291e+03   7.836914e-04
26 2	 17   8.800230e+03   6.533686e-04
26 2	 18   8.803531e+03   5.504115e-04
26 2	 19   8.806325e+03   4.679983e-04
26 2	 20   8.808710e+03   4.012500e-04
26 2	 21   8.810762e+03   3.466148e-04
26 2	 22   8.812541e+03   3.014651e-04
26 2	 23   8.814093e+03   2.638284e-04
26 2	 24   8.815455e+03   2.322049e-04
26 2	 25   8.816657e+03   2.054400e-04
26 2	 26   8.817723e+03   1.826354e-04
26 2	 27   8.818673e+03   1.630849e-04
26 2	 28   8.819523e+03   1.462281e-04
26 2	 29   8.820286e+03   1.316167e-04
26 2	 30   8.820975e+03   1.188889e-04
26 2	 31   8.821597e+03   1.077507e-04
26 2	 32   8.822163e+03   9.796143e-05
26 2	 33   8.822678e+03   8.932298e-05
26 2	 34   8.823148e+03   8.167108e-05
26 2	 35   8.823578e+03   7.486880e-05
26 2	 36   8.823973e+03   6.880144e-05
26 2	 37   8.824336e+03   6.337236e-05
26 2	 38   8.824671e+03   5.849978e-05
26 2	 39   8.824981e+03   5.411420e-05
26 2	 40   8.825267e+03   5.015625e-05
26 2	 41   8.825533e+03   4.657506e-05
26 2	 42   8.825780e+03   4.332685e-05
26 2	 43   8.826011e+03   4.037380e-05
26 2	 44   8.826225e+03   3.768313e-05
26 2	 45   8.826426e+03   3.522634e-05
26 2	 46   8.826613e+03   3.297855e-05
26 2	 47   8.826789e+03   3.091800e-05
26 2	 48   8.826954e+03   2.902561e-05
26 2	 49   8.827109e+03   2.728455e-05
26 2	 50   8.827254e+03   2.568000e-05
26 2	 51   8.827391e+03   2.419884e-05
26 2	 52   8.827521e+03   2.282943e-05
26 2	 53   8.827643e+03   2.156142e-05
26 2	 54   8.827758e+03   2.038561e-05
26 2	 55   8.827867e+03   1.929376e-05
26 2	 56   8.827971e+03   1.827852e-05
26 2	 57   8.828069e+03   1.733327e-05
26 2	 58   8.828162e+03   1.645209e-05
26 2	 59   8.828250e+03   1.562964e-05
26 2	 60   8.828334e+03   1.486111e-05
26 2	 61   8.828413e+03   1.414215e-05
26 2	 62   8.828489e+03   1.346883e-05
26 2	 63   8.828562e+03   1.283759e-05
26 2	 64   8.828631e+03   1.224518e-05
26 2	 65   8.828696e+03   1.168867e-05
26 2	 66   8.828759e+03   1.116537e-05
26 2	 67   8.828819e+03   1.067286e-05
26 2	 68   8.828877e+03   1.020888e-05
26 2	 69   8.828932e+03   9.771422e-06
26 2	 70   8.828984e+03   9.358601e-06
26 2	 71   8.829035e+03   8.968710e-06
26 2	 72   8.829083e+03   8.600180e-06
26 2	 73   8.829129e+03   8.251567e-06
26 2	 74   8.829174e+03   7.921545e-06
26 2	 75   8.829217e+03   7.608889e-06
26 2	 76   8.829258e+03   7.312473e-06
26 2	 77   8.829297e+03   7.031255e-06
26 2	 78   8.829335e+03   6.764275e-06
26 2	 79   8.829372e+03   6.510641e-06
26 2	 80   8.829407e+03   6.269531e-06
26 2	 81   8.829441e+03   6.040181e-06
26 2	 82   8.829473e+03   5.821883e-06
26 2	 83   8.829505e+03   5.613979e-06
26 2	 84   8.829535e+03   5.415857e-06
26 2	 85   8.829564e+03   5.226949e-06
26 2	 86   8.829593e+03   5.046725e-06
26 2	 87   8.829620e+03   4.874693e-06
26 2	 88   8.829646e+03   4.710392e-06
26 2	 89   8.829672e+03   4.553392e-06
26 2	 90   8.829696e+03   4.403292e-06
26 2	 91   8.829720e+03   4.259718e-06
26 2	 92   8.829743e+03   4.122319e-06
26 2	 93   8.829766e+03   3.990765e-06
26 2	 94   8.829787e+03   3.864751e-06
26 2	 95   8.829808e+03   3.743986e-06
26 2	 96   8.829828e+03   3.628201e-06
26 2	 97   8.829848e+03   3.517141e-06
26 2	 98   8.829867e+03   3.410569e-06
26 2	 99   8.829886e+03   3.308259e-06
26 2	100   8.829904e+03   3.210000e-06
