 3  1.0000E+00       2    0    8  2.3896E+02  51.885  1.3057E-02  0.0000E+00 
 3  1.9953E+00       2    0    8  2.3896E+02  51.885  9.2551E-03  0.0000E+00 
 3  3.9811E+00       2    0    8  2.3896E+02  51.885  6.5684E-03  0.0000E+00 
 3  7.9433E+00       2    0    8  2.3896E+02  51.885  4.6721E-03  0.0000E+00 
 3  1.5849E+01       2    0    8  2.3896E+02  51.885  3.3353E-03  0.0000E+00 
 3  3.1623E+01       2    0    8  2.3896E+02  51.885  2.3912E-03  0.0000E+00 
 3  6.3096E+01       2    0    8  2.3896E+02  51.885  1.7173E-03  0.0000E+00 
 3  1.2589E+02       2    0    8  2.3896E+02  51.885  1.2241E-03  0.0000E+00 
 3  2.5119E+02       2    0    8  2.3896E+02  51.885  8.5201E-04  0.0000E+00 
 3  5.0119E+02       2    0    8  2.3896E+02  51.885  5.6774E-04  0.0000E+00 
 3  1.0000E+00       2    1    8  2.2289E+02  55.625  1.1513E-02  0.0000E+00 
 3  1.9953E+00       2    1    8  2.2289E+02  55.625  8.1355E-03  0.0000E+00 
 3  3.9811E+00       2    1    8  2.2289E+02  55.625  5.7385E-03  0.0000E+00 
 3  7.9433E+00       2    1    8  2.2289E+02  55.625  4.0331E-03  0.0000E+00 
 3  1.5849E+01       2    1    8  2.2289E+02  55.625  2.8136E-03  0.0000E+00 
 3  3.1623E+01       2    1    8  2.2289E+02  55.625  1.9330E-03  0.0000E+00 
 3  6.3096E+01       2    1    8  2.2289E+02  55.625  1.2894E-03  0.0000E+00 
 3  1.2589E+02       2    1    8  2.2289E+02  55.625  8.1858E-04  0.0000E+00 
 3  2.5119E+02       2    1    8  2.2289E+02  55.625  4.8482E-04  0.0000E+00 
 3  5.0119E+02       2    1    8  2.2289E+02  55.625  2.6413E-04  0.0000E+00 
 3  1.0000E+00       2    2    8  2.2270E+02  55.674  2.3012E-02  0.0000E+00 
 3  1.9953E+00       2    2    8  2.2270E+02  55.674  1.6261E-02  0.0000E+00 
 3  3.9811E+00       2    2    8  2.2270E+02  55.674  1.1469E-02  0.0000E+00 
 3  7.9433E+00       2    2    8  2.2270E+02  55.674  8.0599E-03  0.0000E+00 
 3  1.5849E+01       2    2    8  2.2270E+02  55.674  5.6217E-03  0.0000E+00 
 3  3.1623E+01       2    2    8  2.2270E+02  55.674  3.8610E-03  0.0000E+00 
 3  6.3096E+01       2    2    8  2.2270E+02  55.674  2.5742E-03  0.0000E+00 
 3  1.2589E+02       2    2    8  2.2270E+02  55.674  1.6332E-03  0.0000E+00 
 3  2.5119E+02       2    2    8  2.2270E+02  55.674  9.6660E-04  0.0000E+00 
 3  5.0119E+02       2    2    8  2.2270E+02  55.674  5.2619E-04  0.0000E+00 
 3  1.0000E+00     302    0    4  1.4112E+02  87.859  1.4082E-02  0.0000E+00 
 3  1.9953E+00     302    0    4  1.4112E+02  87.859  9.6110E-03  0.0000E+00 
 3  3.9811E+00     302    0    4  1.4112E+02  87.859  6.5037E-03  0.0000E+00 
 3  7.9433E+00     302    0    4  1.4112E+02  87.859  4.3372E-03  0.0000E+00 
 3  1.5849E+01     302    0    4  1.4112E+02  87.859  2.8353E-03  0.0000E+00 
 3  3.1623E+01     302    0    4  1.4112E+02  87.859  1.8038E-03  0.0000E+00 
 3  6.3096E+01     302    0    4  1.4112E+02  87.859  1.1153E-03  0.0000E+00 
 3  1.2589E+02     302    0    4  1.4112E+02  87.859  6.5274E-04  0.0000E+00 
 3  2.5119E+02     302    0    4  1.4112E+02  87.859  3.6320E-04  0.0000E+00 
 3  5.0119E+02     302    0    4  1.4112E+02  87.859  1.9009E-04  0.0000E+00 
 3  1.0000E+00     302    0    5  1.4117E+02  87.826  2.8221E-02  0.0000E+00 
 3  1.9953E+00     302    0    5  1.4117E+02  87.826  1.9260E-02  0.0000E+00 
 3  3.9811E+00     302    0    5  1.4117E+02  87.826  1.3030E-02  0.0000E+00 
 3  7.9433E+00     302    0    5  1.4117E+02  87.826  8.6871E-03  0.0000E+00 
 3  1.5849E+01     302    0    5  1.4117E+02  87.826  5.6770E-03  0.0000E+00 
 3  3.1623E+01     302    0    5  1.4117E+02  87.826  3.6102E-03  0.0000E+00 
 3  6.3096E+01     302    0    5  1.4117E+02  87.826  2.2313E-03  0.0000E+00 
 3  1.2589E+02     302    0    5  1.4117E+02  87.826  1.3051E-03  0.0000E+00 
 3  2.5119E+02     302    0    5  1.4117E+02  87.826  7.2584E-04  0.0000E+00 
 3  5.0119E+02     302    0    5  1.4117E+02  87.826  3.7973E-04  0.0000E+00 
 3  1.0000E+00     302    1    3  1.2050E+02 102.890  3.9732E-03  0.0000E+00 
 3  1.9953E+00     302    1    3  1.2050E+02 102.890  2.7702E-03  0.0000E+00 
 3  3.9811E+00     302    1    3  1.2050E+02 102.890  1.9296E-03  0.0000E+00 
 3  7.9433E+00     302    1    3  1.2050E+02 102.890  1.3387E-03  0.0000E+00 
 3  1.5849E+01     302    1    3  1.2050E+02 102.890  9.2222E-04  0.0000E+00 
 3  3.1623E+01     302    1    3  1.2050E+02 102.890  6.2702E-04  0.0000E+00 
 3  6.3096E+01     302    1    3  1.2050E+02 102.890  4.2148E-04  0.0000E+00 
 3  1.2589E+02     302    1    3  1.2050E+02 102.890  2.7201E-04  0.0000E+00 
 3  2.5119E+02     302    1    3  1.2050E+02 102.890  1.7025E-04  0.0000E+00 
 3  5.0119E+02     302    1    3  1.2050E+02 102.890  1.0190E-04  0.0000E+00 
 3  1.0000E+00     302    1    6  1.2617E+02  98.266  6.5965E-02  0.0000E+00 
 3  1.9953E+00     302    1    6  1.2617E+02  98.266  3.9196E-02  0.0000E+00 
 3  3.9811E+00     302    1    6  1.2617E+02  98.266  2.2537E-02  0.0000E+00 
 3  7.9433E+00     302    1    6  1.2617E+02  98.266  1.2459E-02  0.0000E+00 
 3  1.5849E+01     302    1    6  1.2617E+02  98.266  6.5781E-03  0.0000E+00 
 3  3.1623E+01     302    1    6  1.2617E+02  98.266  3.3055E-03  0.0000E+00 
 3  6.3096E+01     302    1    6  1.2617E+02  98.266  1.5437E-03  0.0000E+00 
 3  1.2589E+02     302    1    6  1.2617E+02  98.266  7.0599E-04  0.0000E+00 
 3  2.5119E+02     302    1    6  1.2617E+02  98.266  3.0284E-04  0.0000E+00 
 3  5.0119E+02     302    1    6  1.2617E+02  98.266  1.2402E-04  0.0000E+00 
 3  1.0000E+00     302    2    3  1.2031E+02 103.058  7.9459E-03  0.0000E+00 
 3  1.9953E+00     302    2    3  1.2031E+02 103.058  5.5400E-03  0.0000E+00 
 3  3.9811E+00     302    2    3  1.2031E+02 103.058  3.8590E-03  0.0000E+00 
 3  7.9433E+00     302    2    3  1.2031E+02 103.058  2.6772E-03  0.0000E+00 
 3  1.5849E+01     302    2    3  1.2031E+02 103.058  1.8443E-03  0.0000E+00 
 3  3.1623E+01     302    2    3  1.2031E+02 103.058  1.2539E-03  0.0000E+00 
 3  6.3096E+01     302    2    3  1.2031E+02 103.058  8.4289E-04  0.0000E+00 
 3  1.2589E+02     302    2    3  1.2031E+02 103.058  5.4397E-04  0.0000E+00 
 3  2.5119E+02     302    2    3  1.2031E+02 103.058  3.4047E-04  0.0000E+00 
 3  5.0119E+02     302    2    3  1.2031E+02 103.058  2.0378E-04  0.0000E+00 
 3  1.0000E+00     302    2    6  1.2598E+02  98.419  1.3160E-02  0.0000E+00 
 3  1.9953E+00     302    2    6  1.2598E+02  98.419  7.8198E-03  0.0000E+00 
 3  3.9811E+00     302    2    6  1.2598E+02  98.419  4.4962E-03  0.0000E+00 
 3  7.9433E+00     302    2    6  1.2598E+02  98.419  2.4856E-03  0.0000E+00 
 3  1.5849E+01     302    2    6  1.2598E+02  98.419  1.3124E-03  0.0000E+00 
 3  3.1623E+01     302    2    6  1.2598E+02  98.419  6.5946E-04  0.0000E+00 
 3  6.3096E+01     302    2    6  1.2598E+02  98.419  3.0797E-04  0.0000E+00 
 3  1.2589E+02     302    2    6  1.2598E+02  98.419  1.4085E-04  0.0000E+00 
 3  2.5119E+02     302    2    6  1.2598E+02  98.419  6.0418E-05  0.0000E+00 
 3  5.0119E+02     302    2    6  1.2598E+02  98.419  2.4743E-05  0.0000E+00 
 3  1.0000E+00     302    2    7  1.2599E+02  98.405  1.1840E-01  0.0000E+00 
 3  1.9953E+00     302    2    7  1.2599E+02  98.405  7.0485E-02  0.0000E+00 
 3  3.9811E+00     302    2    7  1.2599E+02  98.405  4.0590E-02  0.0000E+00 
 3  7.9433E+00     302    2    7  1.2599E+02  98.405  2.2461E-02  0.0000E+00 
 3  1.5849E+01     302    2    7  1.2599E+02  98.405  1.1866E-02  0.0000E+00 
 3  3.1623E+01     302    2    7  1.2599E+02  98.405  5.9637E-03  0.0000E+00 
 3  6.3096E+01     302    2    7  1.2599E+02  98.405  2.7879E-03  0.0000E+00 
 3  1.2589E+02     302    2    7  1.2599E+02  98.405  1.2739E-03  0.0000E+00 
 3  2.5119E+02     302    2    7  1.2599E+02  98.405  5.4623E-04  0.0000E+00 
 3  5.0119E+02     302    2    7  1.2599E+02  98.405  2.2360E-04  0.0000E+00 
 3  1.0000E+00     402    0   26  1.8391E+02  67.417  2.8975E-03  0.0000E+00 
 3  1.9953E+00     402    0   26  1.8391E+02  67.417  2.0133E-03  0.0000E+00 
 3  3.9811E+00     402    0   26  1.8391E+02  67.417  1.3929E-03  0.0000E+00 
 3  7.9433E+00     402    0   26  1.8391E+02  67.417  9.5412E-04  0.0000E+00 
 3  1.5849E+01     402    0   26  1.8391E+02  67.417  6.4193E-04  0.0000E+00 
 3  3.1623E+01     402    0   26  1.8391E+02  67.417  4.2002E-04  0.0000E+00 
 3  6.3096E+01     402    0   26  1.8391E+02  67.417  2.6435E-04  0.0000E+00 
 3  1.2589E+02     402    0   26  1.8391E+02  67.417  1.5816E-04  0.0000E+00 
 3  2.5119E+02     402    0   26  1.8391E+02  67.417  8.8805E-05  0.0000E+00 
 3  5.0119E+02     402    0   26  1.8391E+02  67.417  4.6468E-05  0.0000E+00 
 3  1.0000E+00     402    0   27  1.8393E+02  67.409  5.8156E-03  0.0000E+00 
 3  1.9953E+00     402    0   27  1.8393E+02  67.409  4.0405E-03  0.0000E+00 
 3  3.9811E+00     402    0   27  1.8393E+02  67.409  2.7950E-03  0.0000E+00 
 3  7.9433E+00     402    0   27  1.8393E+02  67.409  1.9141E-03  0.0000E+00 
 3  1.5849E+01     402    0   27  1.8393E+02  67.409  1.2874E-03  0.0000E+00 
 3  3.1623E+01     402    0   27  1.8393E+02  67.409  8.4201E-04  0.0000E+00 
 3  6.3096E+01     402    0   27  1.8393E+02  67.409  5.2968E-04  0.0000E+00 
 3  1.2589E+02     402    0   27  1.8393E+02  67.409  3.1672E-04  0.0000E+00 
 3  2.5119E+02     402    0   27  1.8393E+02  67.409  1.7774E-04  0.0000E+00 
 3  5.0119E+02     402    0   27  1.8393E+02  67.409  9.2956E-05  0.0000E+00 
 3  1.0000E+00     402    1   25  1.6604E+02  74.671  4.4854E-04  0.0000E+00 
 3  1.9953E+00     402    1   25  1.6604E+02  74.671  3.1376E-04  0.0000E+00 
 3  3.9811E+00     402    1   25  1.6604E+02  74.671  2.1963E-04  0.0000E+00 
 3  7.9433E+00     402    1   25  1.6604E+02  74.671  1.5345E-04  0.0000E+00 
 3  1.5849E+01     402    1   25  1.6604E+02  74.671  1.0655E-04  0.0000E+00 
 3  3.1623E+01     402    1   25  1.6604E+02  74.671  7.3073E-05  0.0000E+00 
 3  6.3096E+01     402    1   25  1.6604E+02  74.671  4.9170E-05  0.0000E+00 
 3  1.2589E+02     402    1   25  1.6604E+02  74.671  3.2217E-05  0.0000E+00 
 3  2.5119E+02     402    1   25  1.6604E+02  74.671  2.0401E-05  0.0000E+00 
 3  5.0119E+02     402    1   25  1.6604E+02  74.671  1.2388E-05  0.0000E+00 
 3  1.0000E+00     402    1   28  1.6846E+02  73.598  8.4248E-03  0.0000E+00 
 3  1.9953E+00     402    1   28  1.6846E+02  73.598  5.5154E-03  0.0000E+00 
 3  3.9811E+00     402    1   28  1.6846E+02  73.598  3.5294E-03  0.0000E+00 
 3  7.9433E+00     402    1   28  1.6846E+02  73.598  2.1817E-03  0.0000E+00 
 3  1.5849E+01     402    1   28  1.6846E+02  73.598  1.2878E-03  0.0000E+00 
 3  3.1623E+01     402    1   28  1.6846E+02  73.598  7.1852E-04  0.0000E+00 
 3  6.3096E+01     402    1   28  1.6846E+02  73.598  3.7363E-04  0.0000E+00 
 3  1.2589E+02     402    1   28  1.6846E+02  73.598  1.8213E-04  0.0000E+00 
 3  2.5119E+02     402    1   28  1.6846E+02  73.598  8.2425E-05  0.0000E+00 
 3  5.0119E+02     402    1   28  1.6846E+02  73.598  3.4968E-05  0.0000E+00 
 3  1.0000E+00     402    2   25  1.6584E+02  74.759  9.1085E-04  0.0000E+00 
 3  1.9953E+00     402    2   25  1.6584E+02  74.759  6.3715E-04  0.0000E+00 
 3  3.9811E+00     402    2   25  1.6584E+02  74.759  4.4600E-04  0.0000E+00 
 3  7.9433E+00     402    2   25  1.6584E+02  74.759  3.1161E-04  0.0000E+00 
 3  1.5849E+01     402    2   25  1.6584E+02  74.759  2.1636E-04  0.0000E+00 
 3  3.1623E+01     402    2   25  1.6584E+02  74.759  1.4839E-04  0.0000E+00 
 3  6.3096E+01     402    2   25  1.6584E+02  74.759  9.9849E-05  0.0000E+00 
 3  1.2589E+02     402    2   25  1.6584E+02  74.759  6.5423E-05  0.0000E+00 
 3  2.5119E+02     402    2   25  1.6584E+02  74.759  4.1427E-05  0.0000E+00 
 3  5.0119E+02     402    2   25  1.6584E+02  74.759  2.5155E-05  0.0000E+00 
 3  1.0000E+00     402    2   28  1.6826E+02  73.684  1.6838E-03  0.0000E+00 
 3  1.9953E+00     402    2   28  1.6826E+02  73.684  1.1023E-03  0.0000E+00 
 3  3.9811E+00     402    2   28  1.6826E+02  73.684  7.0540E-04  0.0000E+00 
 3  7.9433E+00     402    2   28  1.6826E+02  73.684  4.3605E-04  0.0000E+00 
 3  1.5849E+01     402    2   28  1.6826E+02  73.684  2.5739E-04  0.0000E+00 
 3  3.1623E+01     402    2   28  1.6826E+02  73.684  1.4361E-04  0.0000E+00 
 3  6.3096E+01     402    2   28  1.6826E+02  73.684  7.4676E-05  0.0000E+00 
 3  1.2589E+02     402    2   28  1.6826E+02  73.684  3.6401E-05  0.0000E+00 
 3  2.5119E+02     402    2   28  1.6826E+02  73.684  1.6474E-05  0.0000E+00 
 3  5.0119E+02     402    2   28  1.6826E+02  73.684  6.9889E-06  0.0000E+00 
 3  1.0000E+00     402    2   29  1.6827E+02  73.681  1.5219E-02  0.0000E+00 
 3  1.9953E+00     402    2   29  1.6827E+02  73.681  9.9636E-03  0.0000E+00 
 3  3.9811E+00     402    2   29  1.6827E+02  73.681  6.3745E-03  0.0000E+00 
 3  7.9433E+00     402    2   29  1.6827E+02  73.681  3.9388E-03  0.0000E+00 
 3  1.5849E+01     402    2   29  1.6827E+02  73.681  2.3237E-03  0.0000E+00 
 3  3.1623E+01     402    2   29  1.6827E+02  73.681  1.2957E-03  0.0000E+00 
 3  6.3096E+01     402    2   29  1.6827E+02  73.681  6.7344E-04  0.0000E+00 
 3  1.2589E+02     402    2   29  1.6827E+02  73.681  3.2810E-04  0.0000E+00 
 3  2.5119E+02     402    2   29  1.6827E+02  73.681  1.4843E-04  0.0000E+00 
 3  5.0119E+02     402    2   29  1.6827E+02  73.681  6.2948E-05  0.0000E+00 
 3  1.0000E+00     502    0   33  2.0380E+02  60.836  1.1952E-03  0.0000E+00 
 3  1.9953E+00     502    0   33  2.0380E+02  60.836  8.3326E-04  0.0000E+00 
 3  3.9811E+00     502    0   33  2.0380E+02  60.836  5.7919E-04  0.0000E+00 
 3  7.9433E+00     502    0   33  2.0380E+02  60.836  3.9941E-04  0.0000E+00 
 3  1.5849E+01     502    0   33  2.0380E+02  60.836  2.7120E-04  0.0000E+00 
 3  3.1623E+01     502    0   33  2.0380E+02  60.836  1.7920E-04  0.0000E+00 
 3  6.3096E+01     502    0   33  2.0380E+02  60.836  1.1368E-04  0.0000E+00 
 3  1.2589E+02     502    0   33  2.0380E+02  60.836  6.8381E-05  0.0000E+00 
 3  2.5119E+02     502    0   33  2.0380E+02  60.836  3.8528E-05  0.0000E+00 
 3  5.0119E+02     502    0   33  2.0380E+02  60.836  2.0186E-05  0.0000E+00 
 3  1.0000E+00     502    0   34  2.0381E+02  60.832  2.3992E-03  0.0000E+00 
 3  1.9953E+00     502    0   34  2.0381E+02  60.832  1.6725E-03  0.0000E+00 
 3  3.9811E+00     502    0   34  2.0381E+02  60.832  1.1624E-03  0.0000E+00 
 3  7.9433E+00     502    0   34  2.0381E+02  60.832  8.0139E-04  0.0000E+00 
 3  1.5849E+01     502    0   34  2.0381E+02  60.832  5.4398E-04  0.0000E+00 
 3  3.1623E+01     502    0   34  2.0381E+02  60.832  3.5928E-04  0.0000E+00 
 3  6.3096E+01     502    0   34  2.0381E+02  60.832  2.2781E-04  0.0000E+00 
 3  1.2589E+02     502    0   34  2.0381E+02  60.832  1.3695E-04  0.0000E+00 
 3  2.5119E+02     502    0   34  2.0381E+02  60.832  7.7115E-05  0.0000E+00 
 3  5.0119E+02     502    0   34  2.0381E+02  60.832  4.0380E-05  0.0000E+00 
 3  1.0000E+00     502    1   32  1.8683E+02  66.361  1.9098E-04  0.0000E+00 
 3  1.9953E+00     502    1   32  1.8683E+02  66.361  1.3354E-04  0.0000E+00 
 3  3.9811E+00     502    1   32  1.8683E+02  66.361  9.3419E-05  0.0000E+00 
 3  7.9433E+00     502    1   32  1.8683E+02  66.361  6.5202E-05  0.0000E+00 
 3  1.5849E+01     502    1   32  1.8683E+02  66.361  4.5228E-05  0.0000E+00 
 3  3.1623E+01     502    1   32  1.8683E+02  66.361  3.1024E-05  0.0000E+00 
 3  6.3096E+01     502    1   32  1.8683E+02  66.361  2.0910E-05  0.0000E+00 
 3  1.2589E+02     502    1   32  1.8683E+02  66.361  1.3731E-05  0.0000E+00 
 3  2.5119E+02     502    1   32  1.8683E+02  66.361  8.6923E-06  0.0000E+00 
 3  5.0119E+02     502    1   32  1.8683E+02  66.361  5.2501E-06  0.0000E+00 
 3  1.0000E+00     502    1   35  1.8805E+02  65.931  2.8793E-03  0.0000E+00 
 3  1.9953E+00     502    1   35  1.8805E+02  65.931  1.9455E-03  0.0000E+00 
 3  3.9811E+00     502    1   35  1.8805E+02  65.931  1.2923E-03  0.0000E+00 
 3  7.9433E+00     502    1   35  1.8805E+02  65.931  8.3307E-04  0.0000E+00 
 3  1.5849E+01     502    1   35  1.8805E+02  65.931  5.1349E-04  0.0000E+00 
 3  3.1623E+01     502    1   35  1.8805E+02  65.931  2.9824E-04  0.0000E+00 
 3  6.3096E+01     502    1   35  1.8805E+02  65.931  1.6108E-04  0.0000E+00 
 3  1.2589E+02     502    1   35  1.8805E+02  65.931  8.0433E-05  0.0000E+00 
 3  2.5119E+02     502    1   35  1.8805E+02  65.931  3.7078E-05  0.0000E+00 
 3  5.0119E+02     502    1   35  1.8805E+02  65.931  1.5912E-05  0.0000E+00 
 3  1.0000E+00     502    2   32  1.8664E+02  66.431  3.8661E-04  0.0000E+00 
 3  1.9953E+00     502    2   32  1.8664E+02  66.431  2.7034E-04  0.0000E+00 
 3  3.9811E+00     502    2   32  1.8664E+02  66.431  1.8912E-04  0.0000E+00 
 3  7.9433E+00     502    2   32  1.8664E+02  66.431  1.3199E-04  0.0000E+00 
 3  1.5849E+01     502    2   32  1.8664E+02  66.431  9.1561E-05  0.0000E+00 
 3  3.1623E+01     502    2   32  1.8664E+02  66.431  6.2806E-05  0.0000E+00 
 3  6.3096E+01     502    2   32  1.8664E+02  66.431  4.2331E-05  0.0000E+00 
 3  1.2589E+02     502    2   32  1.8664E+02  66.431  2.7798E-05  0.0000E+00 
 3  2.5119E+02     502    2   32  1.8664E+02  66.431  1.7597E-05  0.0000E+00 
 3  5.0119E+02     502    2   32  1.8664E+02  66.431  1.0628E-05  0.0000E+00 
 3  1.0000E+00     502    2   35  1.8786E+02  66.000  5.7486E-04  0.0000E+00 
 3  1.9953E+00     502    2   35  1.8786E+02  66.000  3.8842E-04  0.0000E+00 
 3  3.9811E+00     502    2   35  1.8786E+02  66.000  2.5802E-04  0.0000E+00 
 3  7.9433E+00     502    2   35  1.8786E+02  66.000  1.6633E-04  0.0000E+00 
 3  1.5849E+01     502    2   35  1.8786E+02  66.000  1.0252E-04  0.0000E+00 
 3  3.1623E+01     502    2   35  1.8786E+02  66.000  5.9546E-05  0.0000E+00 
 3  6.3096E+01     502    2   35  1.8786E+02  66.000  3.2160E-05  0.0000E+00 
 3  1.2589E+02     502    2   35  1.8786E+02  66.000  1.6059E-05  0.0000E+00 
 3  2.5119E+02     502    2   35  1.8786E+02  66.000  7.4028E-06  0.0000E+00 
 3  5.0119E+02     502    2   35  1.8786E+02  66.000  3.1768E-06  0.0000E+00 
