 8  1.0000E+00       2    0  226  6.2166E+01 199.441  5.7122E-03  0.0000E+00 
 8  1.9953E+00       2    0  226  6.2166E+01 199.441  4.0726E-03  0.0000E+00 
 8  3.9811E+00       2    0  226  6.2166E+01 199.441  2.9199E-03  0.0000E+00 
 8  7.9433E+00       2    0  226  6.2166E+01 199.441  2.1088E-03  0.0000E+00 
 8  1.5849E+01       2    0  226  6.2166E+01 199.441  1.5304E-03  0.0000E+00 
 8  3.1623E+01       2    0  226  6.2166E+01 199.441  1.1017E-03  0.0000E+00 
 8  6.3096E+01       2    0  226  6.2166E+01 199.441  7.6606E-04  0.0000E+00 
 8  1.2589E+02       2    0  226  6.2166E+01 199.441  4.9894E-04  0.0000E+00 
 8  2.5119E+02       2    0  226  6.2166E+01 199.441  2.9740E-04  0.0000E+00 
 8  5.0119E+02       2    0  226  6.2166E+01 199.441  1.6052E-04  0.0000E+00 
 8  1.0000E+00       2    1  226  6.2085E+01 199.700  1.1118E-03  0.0000E+00 
 8  1.9953E+00       2    1  226  6.2085E+01 199.700  7.9265E-04  0.0000E+00 
 8  3.9811E+00       2    1  226  6.2085E+01 199.700  5.6829E-04  0.0000E+00 
 8  7.9433E+00       2    1  226  6.2085E+01 199.700  4.1041E-04  0.0000E+00 
 8  1.5849E+01       2    1  226  6.2085E+01 199.700  2.9783E-04  0.0000E+00 
 8  3.1623E+01       2    1  226  6.2085E+01 199.700  2.1436E-04  0.0000E+00 
 8  6.3096E+01       2    1  226  6.2085E+01 199.700  1.4902E-04  0.0000E+00 
 8  1.2589E+02       2    1  226  6.2085E+01 199.700  9.7024E-05  0.0000E+00 
 8  2.5119E+02       2    1  226  6.2085E+01 199.700  5.7812E-05  0.0000E+00 
 8  5.0119E+02       2    1  226  6.2085E+01 199.700  3.1193E-05  0.0000E+00 
 8  1.0000E+00       2    2  226  6.2077E+01 199.726  3.4047E-03  0.0000E+00 
 8  1.9953E+00       2    2  226  6.2077E+01 199.726  2.4274E-03  0.0000E+00 
 8  3.9811E+00       2    2  226  6.2077E+01 199.726  1.7404E-03  0.0000E+00 
 8  7.9433E+00       2    2  226  6.2077E+01 199.726  1.2570E-03  0.0000E+00 
 8  1.5849E+01       2    2  226  6.2077E+01 199.726  9.1229E-04  0.0000E+00 
 8  3.1623E+01       2    2  226  6.2077E+01 199.726  6.5671E-04  0.0000E+00 
 8  6.3096E+01       2    2  226  6.2077E+01 199.726  4.5664E-04  0.0000E+00 
 8  1.2589E+02       2    2  226  6.2077E+01 199.726  2.9739E-04  0.0000E+00 
 8  2.5119E+02       2    2  226  6.2077E+01 199.726  1.7724E-04  0.0000E+00 
 8  5.0119E+02       2    2  226  6.2077E+01 199.726  9.5654E-05  0.0000E+00 
 8  1.0000E+00     302    0  100  6.6345E+01 186.879  0.0000E+00  2.7935E-04 
 8  1.9953E+00     302    0  100  6.6345E+01 186.879  0.0000E+00  7.9688E-04 
 8  3.9811E+00     302    0  100  6.6345E+01 186.879  0.0000E+00  8.0369E-04 
 8  7.9433E+00     302    0  100  6.6345E+01 186.879  0.0000E+00  4.8136E-04 
 8  1.5849E+01     302    0  100  6.6345E+01 186.879  0.0000E+00  2.2204E-04 
 8  3.1623E+01     302    0  100  6.6345E+01 186.879  0.0000E+00  8.9858E-05 
 8  6.3096E+01     302    0  100  6.6345E+01 186.879  0.0000E+00  3.4055E-05 
 8  1.2589E+02     302    0  100  6.6345E+01 186.879  0.0000E+00  1.2489E-05 
 8  2.5119E+02     302    0  100  6.6345E+01 186.879  0.0000E+00  4.5052E-06 
 8  5.0119E+02     302    0  100  6.6345E+01 186.879  0.0000E+00  1.6118E-06 
 8  1.0000E+00     302    0  101  6.6396E+01 186.734  0.0000E+00  4.9356E-05 
 8  1.9953E+00     302    0  101  6.6396E+01 186.734  0.0000E+00  1.4447E-04 
 8  3.9811E+00     302    0  101  6.6396E+01 186.734  0.0000E+00  1.4760E-04 
 8  7.9433E+00     302    0  101  6.6396E+01 186.734  0.0000E+00  8.8979E-05 
 8  1.5849E+01     302    0  101  6.6396E+01 186.734  0.0000E+00  4.1178E-05 
 8  3.1623E+01     302    0  101  6.6396E+01 186.734  0.0000E+00  1.6691E-05 
 8  6.3096E+01     302    0  101  6.6396E+01 186.734  0.0000E+00  6.3309E-06 
 8  1.2589E+02     302    0  101  6.6396E+01 186.734  0.0000E+00  2.3227E-06 
 8  2.5119E+02     302    0  101  6.6396E+01 186.734  0.0000E+00  8.3805E-07 
 8  5.0119E+02     302    0  101  6.6396E+01 186.734  0.0000E+00  2.9986E-07 
 8  1.0000E+00     302    0  104  6.6783E+01 185.652  0.0000E+00  6.4109E-05 
 8  1.9953E+00     302    0  104  6.6783E+01 185.652  0.0000E+00  2.2759E-04 
 8  3.9811E+00     302    0  104  6.6783E+01 185.652  0.0000E+00  2.5612E-04 
 8  7.9433E+00     302    0  104  6.6783E+01 185.652  0.0000E+00  1.6207E-04 
 8  1.5849E+01     302    0  104  6.6783E+01 185.652  0.0000E+00  7.6845E-05 
 8  3.1623E+01     302    0  104  6.6783E+01 185.652  0.0000E+00  3.1530E-05 
 8  6.3096E+01     302    0  104  6.6783E+01 185.652  0.0000E+00  1.2032E-05 
 8  1.2589E+02     302    0  104  6.6783E+01 185.652  0.0000E+00  4.4280E-06 
 8  2.5119E+02     302    0  104  6.6783E+01 185.652  0.0000E+00  1.6001E-06 
 8  5.0119E+02     302    0  104  6.6783E+01 185.652  0.0000E+00  5.7297E-07 
 8  1.0000E+00     302    1  102  6.6361E+01 186.832  0.0000E+00  5.7543E-05 
 8  1.9953E+00     302    1  102  6.6361E+01 186.832  0.0000E+00  1.7234E-04 
 8  3.9811E+00     302    1  102  6.6361E+01 186.832  0.0000E+00  1.7810E-04 
 8  7.9433E+00     302    1  102  6.6361E+01 186.832  0.0000E+00  1.0799E-04 
 8  1.5849E+01     302    1  102  6.6361E+01 186.832  0.0000E+00  5.0118E-05 
 8  3.1623E+01     302    1  102  6.6361E+01 186.832  0.0000E+00  2.0344E-05 
 8  6.3096E+01     302    1  102  6.6361E+01 186.832  0.0000E+00  7.7222E-06 
 8  1.2589E+02     302    1  102  6.6361E+01 186.832  0.0000E+00  2.8341E-06 
 8  2.5119E+02     302    1  102  6.6361E+01 186.832  0.0000E+00  1.0228E-06 
 8  5.0119E+02     302    1  102  6.6361E+01 186.832  0.0000E+00  3.6599E-07 
 8  1.0000E+00     302    1  104  6.6702E+01 185.877  0.0000E+00  1.1807E-05 
 8  1.9953E+00     302    1  104  6.6702E+01 185.877  0.0000E+00  4.1915E-05 
 8  3.9811E+00     302    1  104  6.6702E+01 185.877  0.0000E+00  4.7171E-05 
 8  7.9433E+00     302    1  104  6.6702E+01 185.877  0.0000E+00  2.9848E-05 
 8  1.5849E+01     302    1  104  6.6702E+01 185.877  0.0000E+00  1.4153E-05 
 8  3.1623E+01     302    1  104  6.6702E+01 185.877  0.0000E+00  5.8070E-06 
 8  6.3096E+01     302    1  104  6.6702E+01 185.877  0.0000E+00  2.2161E-06 
 8  1.2589E+02     302    1  104  6.6702E+01 185.877  0.0000E+00  8.1552E-07 
 8  2.5119E+02     302    1  104  6.6702E+01 185.877  0.0000E+00  2.9470E-07 
 8  5.0119E+02     302    1  104  6.6702E+01 185.877  0.0000E+00  1.0553E-07 
 8  1.0000E+00     302    2  101  6.6307E+01 186.984  0.0000E+00  1.3883E-04 
 8  1.9953E+00     302    2  101  6.6307E+01 186.984  0.0000E+00  4.0636E-04 
 8  3.9811E+00     302    2  101  6.6307E+01 186.984  0.0000E+00  4.1516E-04 
 8  7.9433E+00     302    2  101  6.6307E+01 186.984  0.0000E+00  2.5027E-04 
 8  1.5849E+01     302    2  101  6.6307E+01 186.984  0.0000E+00  1.1582E-04 
 8  3.1623E+01     302    2  101  6.6307E+01 186.984  0.0000E+00  4.6948E-05 
 8  6.3096E+01     302    2  101  6.6307E+01 186.984  0.0000E+00  1.7807E-05 
 8  1.2589E+02     302    2  101  6.6307E+01 186.984  0.0000E+00  6.5331E-06 
 8  2.5119E+02     302    2  101  6.6307E+01 186.984  0.0000E+00  2.3572E-06 
 8  5.0119E+02     302    2  101  6.6307E+01 186.984  0.0000E+00  8.4343E-07 
 8  1.0000E+00     302    2  102  6.6353E+01 186.854  0.0000E+00  4.7428E-05 
 8  1.9953E+00     302    2  102  6.6353E+01 186.854  0.0000E+00  1.4204E-04 
 8  3.9811E+00     302    2  102  6.6353E+01 186.854  0.0000E+00  1.4680E-04 
 8  7.9433E+00     302    2  102  6.6353E+01 186.854  0.0000E+00  8.9005E-05 
 8  1.5849E+01     302    2  102  6.6353E+01 186.854  0.0000E+00  4.1308E-05 
 8  3.1623E+01     302    2  102  6.6353E+01 186.854  0.0000E+00  1.6768E-05 
 8  6.3096E+01     302    2  102  6.6353E+01 186.854  0.0000E+00  6.3648E-06 
 8  1.2589E+02     302    2  102  6.6353E+01 186.854  0.0000E+00  2.3360E-06 
 8  2.5119E+02     302    2  102  6.6353E+01 186.854  0.0000E+00  8.4300E-07 
 8  5.0119E+02     302    2  102  6.6353E+01 186.854  0.0000E+00  3.0166E-07 
 8  1.0000E+00     302    2  104  6.6694E+01 185.899  0.0000E+00  3.4077E-05 
 8  1.9953E+00     302    2  104  6.6694E+01 185.899  0.0000E+00  1.2097E-04 
 8  3.9811E+00     302    2  104  6.6694E+01 185.899  0.0000E+00  1.3614E-04 
 8  7.9433E+00     302    2  104  6.6694E+01 185.899  0.0000E+00  8.6147E-05 
 8  1.5849E+01     302    2  104  6.6694E+01 185.899  0.0000E+00  4.0847E-05 
 8  3.1623E+01     302    2  104  6.6694E+01 185.899  0.0000E+00  1.6760E-05 
 8  6.3096E+01     302    2  104  6.6694E+01 185.899  0.0000E+00  6.3959E-06 
 8  1.2589E+02     302    2  104  6.6694E+01 185.899  0.0000E+00  2.3537E-06 
 8  2.5119E+02     302    2  104  6.6694E+01 185.899  0.0000E+00  8.5055E-07 
 8  5.0119E+02     302    2  104  6.6694E+01 185.899  0.0000E+00  3.0457E-07 
 8  1.0000E+00     402    0  553  7.5250E+01 164.764  0.0000E+00  8.4751E-09 
 8  1.9953E+00     402    0  553  7.5250E+01 164.764  0.0000E+00  2.0535E-06 
 8  3.9811E+00     402    0  553  7.5250E+01 164.764  0.0000E+00  1.9188E-05 
 8  7.9433E+00     402    0  553  7.5250E+01 164.764  0.0000E+00  3.5073E-05 
 8  1.5849E+01     402    0  553  7.5250E+01 164.764  0.0000E+00  2.8301E-05 
 8  3.1623E+01     402    0  553  7.5250E+01 164.764  0.0000E+00  1.5158E-05 
 8  6.3096E+01     402    0  553  7.5250E+01 164.764  0.0000E+00  6.6109E-06 
 8  1.2589E+02     402    0  553  7.5250E+01 164.764  0.0000E+00  2.6013E-06 
 8  2.5119E+02     402    0  553  7.5250E+01 164.764  0.0000E+00  9.7207E-07 
 8  5.0119E+02     402    0  553  7.5250E+01 164.764  0.0000E+00  3.5398E-07 
 8  1.0000E+00     402    0  638  6.1903E+01 200.288  0.0000E+00  8.6481E-06 
 8  1.9953E+00     402    0  638  6.1903E+01 200.288  0.0000E+00  1.1621E-05 
 8  3.9811E+00     402    0  638  6.1903E+01 200.288  4.3654E-14  8.6985E-06 
 8  7.9433E+00     402    0  638  6.1903E+01 200.288  5.7278E-14  4.5936E-06 
 8  1.5849E+01     402    0  638  6.1903E+01 200.288  5.7458E-14  2.0069E-06 
 8  3.1623E+01     402    0  638  6.1903E+01 200.288  4.5343E-14  7.9446E-07 
 8  6.3096E+01     402    0  638  6.1903E+01 200.288  2.9101E-14  2.9860E-07 
 8  1.2589E+02     402    0  638  6.1903E+01 200.288  1.5703E-14  1.0917E-07 
 8  2.5119E+02     402    0  638  6.1903E+01 200.288  7.3809E-15  3.9334E-08 
 8  5.0119E+02     402    0  638  6.1903E+01 200.288  3.1354E-15  1.4065E-08 
 8  1.0000E+00     402    0  639  6.2008E+01 199.949  9.5202E-11  1.0877E-05 
 8  1.9953E+00     402    0  639  6.2008E+01 199.949  2.1861E-10  1.5473E-05 
 8  3.9811E+00     402    0  639  6.2008E+01 199.949  3.8816E-10  1.1752E-05 
 8  7.9433E+00     402    0  639  6.2008E+01 199.949  5.1645E-10  6.2419E-06 
 8  1.5849E+01     402    0  639  6.2008E+01 199.949  5.1989E-10  2.7546E-06 
 8  3.1623E+01     402    0  639  6.2008E+01 199.949  4.0805E-10  1.1074E-06 
 8  6.3096E+01     402    0  639  6.2008E+01 199.949  2.5873E-10  4.2214E-07 
 8  1.2589E+02     402    0  639  6.2008E+01 199.949  1.3760E-10  1.5582E-07 
 8  2.5119E+02     402    0  639  6.2008E+01 199.949  6.3823E-11  5.6457E-08 
 8  5.0119E+02     402    0  639  6.2008E+01 199.949  2.6822E-11  2.0249E-08 
 8  1.0000E+00     402    0  690  6.1909E+01 200.270  1.2967E-13  3.6122E-05 
 8  1.9953E+00     402    0  690  6.1909E+01 200.270  2.8263E-13  5.0200E-05 
 8  3.9811E+00     402    0  690  6.1909E+01 200.270  4.8751E-13  3.7903E-05 
 8  7.9433E+00     402    0  690  6.1909E+01 200.270  6.3828E-13  2.0047E-05 
 8  1.5849E+01     402    0  690  6.1909E+01 200.270  6.3700E-13  8.7592E-06 
 8  3.1623E+01     402    0  690  6.1909E+01 200.270  4.9801E-13  3.4668E-06 
 8  6.3096E+01     402    0  690  6.1909E+01 200.270  3.1551E-13  1.3027E-06 
 8  1.2589E+02     402    0  690  6.1909E+01 200.270  1.6793E-13  4.7619E-07 
 8  2.5119E+02     402    0  690  6.1909E+01 200.270  7.7988E-14  1.7155E-07 
 8  5.0119E+02     402    0  690  6.1909E+01 200.270  3.2815E-14  6.1342E-08 
 8  1.0000E+00     402    0  692  6.2007E+01 199.953  5.2783E-10  6.4288E-05 
 8  1.9953E+00     402    0  692  6.2007E+01 199.953  1.2114E-09  9.1551E-05 
 8  3.9811E+00     402    0  692  6.2007E+01 199.953  2.1502E-09  6.9506E-05 
 8  7.9433E+00     402    0  692  6.2007E+01 199.953  2.8604E-09  3.6929E-05 
 8  1.5849E+01     402    0  692  6.2007E+01 199.953  2.8792E-09  1.6408E-05 
 8  3.1623E+01     402    0  692  6.2007E+01 199.953  2.2598E-09  6.6783E-06 
 8  6.3096E+01     402    0  692  6.2007E+01 199.953  1.4328E-09  2.5752E-06 
 8  1.2589E+02     402    0  692  6.2007E+01 199.953  7.6203E-10  9.5799E-07 
 8  2.5119E+02     402    0  692  6.2007E+01 199.953  3.5345E-10  3.4866E-07 
 8  5.0119E+02     402    0  692  6.2007E+01 199.953  1.4854E-10  1.2536E-07 
 8  1.0000E+00     402    1  635  6.1926E+01 200.213  1.4607E-10  1.5012E-05 
 8  1.9953E+00     402    1  635  6.1926E+01 200.213  3.3526E-10  2.1334E-05 
 8  3.9811E+00     402    1  635  6.1926E+01 200.213  5.9511E-10  1.6256E-05 
 8  7.9433E+00     402    1  635  6.1926E+01 200.213  7.9165E-10  8.6782E-06 
 8  1.5849E+01     402    1  635  6.1926E+01 200.213  7.9684E-10  3.8782E-06 
 8  3.1623E+01     402    1  635  6.1926E+01 200.213  6.2538E-10  1.5887E-06 
 8  6.3096E+01     402    1  635  6.1926E+01 200.213  3.9651E-10  6.1580E-07 
 8  1.2589E+02     402    1  635  6.1926E+01 200.213  2.1087E-10  2.2983E-07 
 8  2.5119E+02     402    1  635  6.1926E+01 200.213  9.7802E-11  8.3803E-08 
 8  5.0119E+02     402    1  635  6.1926E+01 200.213  4.1100E-11  3.0160E-08 
 8  1.0000E+00     402    1  638  6.1822E+01 200.549  1.0744E-14  7.9807E-06 
 8  1.9953E+00     402    1  638  6.1822E+01 200.549  2.3359E-14  1.0725E-05 
 8  3.9811E+00     402    1  638  6.1822E+01 200.549  4.0285E-14  8.0272E-06 
 8  7.9433E+00     402    1  638  6.1822E+01 200.549  5.2858E-14  4.2391E-06 
 8  1.5849E+01     402    1  638  6.1822E+01 200.549  5.3023E-14  1.8520E-06 
 8  3.1623E+01     402    1  638  6.1822E+01 200.549  4.1843E-14  7.3314E-07 
 8  6.3096E+01     402    1  638  6.1822E+01 200.549  2.6855E-14  2.7556E-07 
 8  1.2589E+02     402    1  638  6.1822E+01 200.549  1.4491E-14  1.0074E-07 
 8  2.5119E+02     402    1  638  6.1822E+01 200.549  6.8113E-15  3.6298E-08 
 8  5.0119E+02     402    1  638  6.1822E+01 200.549  2.8934E-15  1.2980E-08 
 8  1.0000E+00     402    2  591  7.5215E+01 164.840  0.0000E+00  3.5984E-09 
 8  1.9953E+00     402    2  591  7.5215E+01 164.840  0.0000E+00  8.9580E-07 
 8  3.9811E+00     402    2  591  7.5215E+01 164.840  0.0000E+00  8.4848E-06 
 8  7.9433E+00     402    2  591  7.5215E+01 164.840  0.0000E+00  1.5615E-05 
 8  1.5849E+01     402    2  591  7.5215E+01 164.840  0.0000E+00  1.2643E-05 
 8  3.1623E+01     402    2  591  7.5215E+01 164.840  0.0000E+00  6.7831E-06 
 8  6.3096E+01     402    2  591  7.5215E+01 164.840  0.0000E+00  2.9610E-06 
 8  1.2589E+02     402    2  591  7.5215E+01 164.840  0.0000E+00  1.1656E-06 
 8  2.5119E+02     402    2  591  7.5215E+01 164.840  0.0000E+00  4.3566E-07 
 8  5.0119E+02     402    2  591  7.5215E+01 164.840  0.0000E+00  1.5866E-07 
 8  1.0000E+00     402    2  635  6.1918E+01 200.239  1.0601E-10  1.0895E-05 
 8  1.9953E+00     402    2  635  6.1918E+01 200.239  2.4331E-10  1.5483E-05 
 8  3.9811E+00     402    2  635  6.1918E+01 200.239  4.3189E-10  1.1797E-05 
 8  7.9433E+00     402    2  635  6.1918E+01 200.239  5.7453E-10  6.2981E-06 
 8  1.5849E+01     402    2  635  6.1918E+01 200.239  5.7830E-10  2.8145E-06 
 8  3.1623E+01     402    2  635  6.1918E+01 200.239  4.5386E-10  1.1530E-06 
 8  6.3096E+01     402    2  635  6.1918E+01 200.239  2.8776E-10  4.4691E-07 
 8  1.2589E+02     402    2  635  6.1918E+01 200.239  1.5303E-10  1.6680E-07 
 8  2.5119E+02     402    2  635  6.1918E+01 200.239  7.0978E-11  6.0819E-08 
 8  5.0119E+02     402    2  635  6.1918E+01 200.239  2.9828E-11  2.1888E-08 
 8  1.0000E+00     402    2  639  6.1919E+01 200.236  2.9913E-10  3.4177E-05 
 8  1.9953E+00     402    2  639  6.1919E+01 200.236  6.8689E-10  4.8615E-05 
 8  3.9811E+00     402    2  639  6.1919E+01 200.236  1.2196E-09  3.6926E-05 
 8  7.9433E+00     402    2  639  6.1919E+01 200.236  1.6227E-09  1.9612E-05 
 8  1.5849E+01     402    2  639  6.1919E+01 200.236  1.6335E-09  8.6550E-06 
 8  3.1623E+01     402    2  639  6.1919E+01 200.236  1.2821E-09  3.4795E-06 
 8  6.3096E+01     402    2  639  6.1919E+01 200.236  8.1295E-10  1.3264E-06 
 8  1.2589E+02     402    2  639  6.1919E+01 200.236  4.3235E-10  4.8959E-07 
 8  2.5119E+02     402    2  639  6.1919E+01 200.236  2.0053E-10  1.7739E-07 
 8  5.0119E+02     402    2  639  6.1919E+01 200.236  8.4275E-11  6.3624E-08 
 8  1.0000E+00     402    2  690  6.1820E+01 200.557  3.9878E-14  1.1109E-05 
 8  1.9953E+00     402    2  690  6.1820E+01 200.557  8.6920E-14  1.5438E-05 
 8  3.9811E+00     402    2  690  6.1820E+01 200.557  1.4992E-13  1.1656E-05 
 8  7.9433E+00     402    2  690  6.1820E+01 200.557  1.9629E-13  6.1652E-06 
 8  1.5849E+01     402    2  690  6.1820E+01 200.557  1.9590E-13  2.6937E-06 
 8  3.1623E+01     402    2  690  6.1820E+01 200.557  1.5316E-13  1.0662E-06 
 8  6.3096E+01     402    2  690  6.1820E+01 200.557  9.7031E-14  4.0063E-07 
 8  1.2589E+02     402    2  690  6.1820E+01 200.557  5.1644E-14  1.4644E-07 
 8  2.5119E+02     402    2  690  6.1820E+01 200.557  2.3984E-14  5.2759E-08 
 8  5.0119E+02     402    2  690  6.1820E+01 200.557  1.0092E-14  1.8865E-08 
 8  1.0000E+00     502    0  844  6.0514E+01 204.886  5.4034E-11  1.3193E-05 
 8  1.9953E+00     502    0  844  6.0514E+01 204.886  1.0698E-10  8.9482E-06 
 8  3.9811E+00     502    0  844  6.0514E+01 204.886  1.9903E-10  5.4918E-06 
 8  7.9433E+00     502    0  844  6.0514E+01 204.886  3.1646E-10  7.7626E-06 
 8  1.5849E+01     502    0  844  6.0514E+01 204.886  4.1831E-10  1.5792E-05 
 8  3.1623E+01     502    0  844  6.0514E+01 204.886  4.5499E-10  1.5178E-05 
 8  6.3096E+01     502    0  844  6.0514E+01 204.886  4.0507E-10  8.9713E-06 
 8  1.2589E+02     502    0  844  6.0514E+01 204.886  2.9761E-10  4.1174E-06 
 8  2.5119E+02     502    0  844  6.0514E+01 204.886  1.8414E-10  1.6626E-06 
 8  5.0119E+02     502    0  844  6.0514E+01 204.886  9.8509E-11  6.2943E-07 
 8  1.0000E+00     502    0  848  6.3153E+01 196.323  0.0000E+00  2.6185E-05 
 8  1.9953E+00     502    0  848  6.3153E+01 196.323  0.0000E+00  1.5251E-05 
 8  3.9811E+00     502    0  848  6.3153E+01 196.323  0.0000E+00  6.9497E-06 
 8  7.9433E+00     502    0  848  6.3153E+01 196.323  0.0000E+00  2.8354E-06 
 8  1.5849E+01     502    0  848  6.3153E+01 196.323  0.0000E+00  1.1650E-06 
 8  3.1623E+01     502    0  848  6.3153E+01 196.323  0.0000E+00  4.9499E-07 
 8  6.3096E+01     502    0  848  6.3153E+01 196.323  0.0000E+00  2.0389E-07 
 8  1.2589E+02     502    0  848  6.3153E+01 196.323  0.0000E+00  7.9528E-08 
 8  2.5119E+02     502    0  848  6.3153E+01 196.323  0.0000E+00  2.9754E-08 
 8  5.0119E+02     502    0  848  6.3153E+01 196.323  0.0000E+00  1.0857E-08 
 8  1.0000E+00     502    0  850  6.3154E+01 196.321  0.0000E+00  8.0133E-05 
 8  1.9953E+00     502    0  850  6.3154E+01 196.321  0.0000E+00  4.6624E-05 
 8  3.9811E+00     502    0  850  6.3154E+01 196.321  0.0000E+00  2.1219E-05 
 8  7.9433E+00     502    0  850  6.3154E+01 196.321  0.0000E+00  8.5990E-06 
 8  1.5849E+01     502    0  850  6.3154E+01 196.321  0.0000E+00  3.4128E-06 
 8  3.1623E+01     502    0  850  6.3154E+01 196.321  0.0000E+00  1.3698E-06 
 8  6.3096E+01     502    0  850  6.3154E+01 196.321  0.0000E+00  5.3849E-07 
 8  1.2589E+02     502    0  850  6.3154E+01 196.321  0.0000E+00  2.0420E-07 
 8  2.5119E+02     502    0  850  6.3154E+01 196.321  0.0000E+00  7.5241E-08 
 8  5.0119E+02     502    0  850  6.3154E+01 196.321  0.0000E+00  2.7240E-08 
 8  1.0000E+00     502    0  919  7.9073E+01 156.797  0.0000E+00  8.6599E-11 
 8  1.9953E+00     502    0  919  7.9073E+01 156.797  0.0000E+00  1.4130E-07 
 8  3.9811E+00     502    0  919  7.9073E+01 156.797  0.0000E+00  3.4342E-06 
 8  7.9433E+00     502    0  919  7.9073E+01 156.797  0.0000E+00  1.0135E-05 
 8  1.5849E+01     502    0  919  7.9073E+01 156.797  0.0000E+00  1.0398E-05 
 8  3.1623E+01     502    0  919  7.9073E+01 156.797  0.0000E+00  6.2811E-06 
 8  6.3096E+01     502    0  919  7.9073E+01 156.797  0.0000E+00  2.9098E-06 
 8  1.2589E+02     502    0  919  7.9073E+01 156.797  0.0000E+00  1.1801E-06 
 8  2.5119E+02     502    0  919  7.9073E+01 156.797  0.0000E+00  4.4772E-07 
 8  5.0119E+02     502    0  919  7.9073E+01 156.797  0.0000E+00  1.6428E-07 
 8  1.0000E+00     502    0  955  6.2274E+01 199.093  0.0000E+00  2.1687E-03 
 8  1.9953E+00     502    0  955  6.2274E+01 199.093  0.0000E+00  8.1286E-04 
 8  3.9811E+00     502    0  955  6.2274E+01 199.093  0.0000E+00  2.9662E-04 
 8  7.9433E+00     502    0  955  6.2274E+01 199.093  0.0000E+00  1.0677E-04 
 8  1.5849E+01     502    0  955  6.2274E+01 199.093  0.0000E+00  3.8167E-05 
 8  3.1623E+01     502    0  955  6.2274E+01 199.093  0.0000E+00  1.3595E-05 
 8  6.3096E+01     502    0  955  6.2274E+01 199.093  0.0000E+00  4.8338E-06 
 8  1.2589E+02     502    0  955  6.2274E+01 199.093  0.0000E+00  1.7170E-06 
 8  2.5119E+02     502    0  955  6.2274E+01 199.093  0.0000E+00  6.0955E-07 
 8  5.0119E+02     502    0  955  6.2274E+01 199.093  0.0000E+00  2.1634E-07 
 8  1.0000E+00     502    0  956  6.2217E+01 199.277  0.0000E+00  1.0226E-03 
 8  1.9953E+00     502    0  956  6.2217E+01 199.277  0.0000E+00  3.7223E-04 
 8  3.9811E+00     502    0  956  6.2217E+01 199.277  0.0000E+00  1.3378E-04 
 8  7.9433E+00     502    0  956  6.2217E+01 199.277  0.0000E+00  4.7771E-05 
 8  1.5849E+01     502    0  956  6.2217E+01 199.277  0.0000E+00  1.7005E-05 
 8  3.1623E+01     502    0  956  6.2217E+01 199.277  0.0000E+00  6.0432E-06 
 8  6.3096E+01     502    0  956  6.2217E+01 199.277  0.0000E+00  2.1459E-06 
 8  1.2589E+02     502    0  956  6.2217E+01 199.277  0.0000E+00  7.6172E-07 
 8  2.5119E+02     502    0  956  6.2217E+01 199.277  0.0000E+00  2.7032E-07 
 8  5.0119E+02     502    0  956  6.2217E+01 199.277  0.0000E+00  9.5924E-08 
 8  1.0000E+00     502    0  960  6.2220E+01 199.268  0.0000E+00  7.5102E-05 
 8  1.9953E+00     502    0  960  6.2220E+01 199.268  0.0000E+00  2.7374E-05 
 8  3.9811E+00     502    0  960  6.2220E+01 199.268  0.0000E+00  9.8443E-06 
 8  7.9433E+00     502    0  960  6.2220E+01 199.268  0.0000E+00  3.5166E-06 
 8  1.5849E+01     502    0  960  6.2220E+01 199.268  0.0000E+00  1.2520E-06 
 8  3.1623E+01     502    0  960  6.2220E+01 199.268  0.0000E+00  4.4497E-07 
 8  6.3096E+01     502    0  960  6.2220E+01 199.268  0.0000E+00  1.5801E-07 
 8  1.2589E+02     502    0  960  6.2220E+01 199.268  0.0000E+00  5.6089E-08 
 8  2.5119E+02     502    0  960  6.2220E+01 199.268  0.0000E+00  1.9906E-08 
 8  5.0119E+02     502    0  960  6.2220E+01 199.268  0.0000E+00  7.0635E-09 
 8  1.0000E+00     502    0  966  6.4821E+01 191.271  0.0000E+00  3.7008E-05 
 8  1.9953E+00     502    0  966  6.4821E+01 191.271  0.0000E+00  4.9585E-05 
 8  3.9811E+00     502    0  966  6.4821E+01 191.271  0.0000E+00  3.4306E-05 
 8  7.9433E+00     502    0  966  6.4821E+01 191.271  0.0000E+00  1.7026E-05 
 8  1.5849E+01     502    0  966  6.4821E+01 191.271  0.0000E+00  7.1508E-06 
 8  3.1623E+01     502    0  966  6.4821E+01 191.271  0.0000E+00  2.7622E-06 
 8  6.3096E+01     502    0  966  6.4821E+01 191.271  0.0000E+00  1.0230E-06 
 8  1.2589E+02     502    0  966  6.4821E+01 191.271  0.0000E+00  3.7090E-07 
 8  2.5119E+02     502    0  966  6.4821E+01 191.271  0.0000E+00  1.3304E-07 
 8  5.0119E+02     502    0  966  6.4821E+01 191.271  0.0000E+00  4.7462E-08 
 8  1.0000E+00     502    0  967  6.4873E+01 191.119  0.0000E+00  9.3195E-05 
 8  1.9953E+00     502    0  967  6.4873E+01 191.119  0.0000E+00  1.2759E-04 
 8  3.9811E+00     502    0  967  6.4873E+01 191.119  0.0000E+00  8.9065E-05 
 8  7.9433E+00     502    0  967  6.4873E+01 191.119  0.0000E+00  4.4362E-05 
 8  1.5849E+01     502    0  967  6.4873E+01 191.119  0.0000E+00  1.8657E-05 
 8  3.1623E+01     502    0  967  6.4873E+01 191.119  0.0000E+00  7.2083E-06 
 8  6.3096E+01     502    0  967  6.4873E+01 191.119  0.0000E+00  2.6692E-06 
 8  1.2589E+02     502    0  967  6.4873E+01 191.119  0.0000E+00  9.6754E-07 
 8  2.5119E+02     502    0  967  6.4873E+01 191.119  0.0000E+00  3.4700E-07 
 8  5.0119E+02     502    0  967  6.4873E+01 191.119  0.0000E+00  1.2378E-07 
 8  1.0000E+00     502    0 1010  6.2232E+01 199.230  0.0000E+00  1.0606E-05 
 8  1.9953E+00     502    0 1010  6.2232E+01 199.230  0.0000E+00  3.9009E-06 
 8  3.9811E+00     502    0 1010  6.2232E+01 199.230  0.0000E+00  1.4130E-06 
 8  7.9433E+00     502    0 1010  6.2232E+01 199.230  0.0000E+00  5.0738E-07 
 8  1.5849E+01     502    0 1010  6.2232E+01 199.230  0.0000E+00  1.8124E-07 
 8  3.1623E+01     502    0 1010  6.2232E+01 199.230  0.0000E+00  6.4548E-08 
 8  6.3096E+01     502    0 1010  6.2232E+01 199.230  0.0000E+00  2.2950E-08 
 8  1.2589E+02     502    0 1010  6.2232E+01 199.230  0.0000E+00  8.1519E-09 
 8  2.5119E+02     502    0 1010  6.2232E+01 199.230  0.0000E+00  2.8941E-09 
 8  5.0119E+02     502    0 1010  6.2232E+01 199.230  0.0000E+00  1.0272E-09 
 8  1.0000E+00     502    0 1011  6.2270E+01 199.106  0.0000E+00  5.2105E-03 
 8  1.9953E+00     502    0 1011  6.2270E+01 199.106  0.0000E+00  1.9513E-03 
 8  3.9811E+00     502    0 1011  6.2270E+01 199.106  0.0000E+00  7.1236E-04 
 8  7.9433E+00     502    0 1011  6.2270E+01 199.106  0.0000E+00  2.5663E-04 
 8  1.5849E+01     502    0 1011  6.2270E+01 199.106  0.0000E+00  9.1812E-05 
 8  3.1623E+01     502    0 1011  6.2270E+01 199.106  0.0000E+00  3.2732E-05 
 8  6.3096E+01     502    0 1011  6.2270E+01 199.106  0.0000E+00  1.1647E-05 
 8  1.2589E+02     502    0 1011  6.2270E+01 199.106  0.0000E+00  4.1391E-06 
 8  2.5119E+02     502    0 1011  6.2270E+01 199.106  0.0000E+00  1.4699E-06 
 8  5.0119E+02     502    0 1011  6.2270E+01 199.106  0.0000E+00  5.2178E-07 
 8  1.0000E+00     502    0 1013  6.2216E+01 199.281  0.0000E+00  5.7793E-03 
 8  1.9953E+00     502    0 1013  6.2216E+01 199.281  0.0000E+00  2.1022E-03 
 8  3.9811E+00     502    0 1013  6.2216E+01 199.281  0.0000E+00  7.5524E-04 
 8  7.9433E+00     502    0 1013  6.2216E+01 199.281  0.0000E+00  2.6965E-04 
 8  1.5849E+01     502    0 1013  6.2216E+01 199.281  0.0000E+00  9.5975E-05 
 8  3.1623E+01     502    0 1013  6.2216E+01 199.281  0.0000E+00  3.4107E-05 
 8  6.3096E+01     502    0 1013  6.2216E+01 199.281  0.0000E+00  1.2111E-05 
 8  1.2589E+02     502    0 1013  6.2216E+01 199.281  0.0000E+00  4.2988E-06 
 8  2.5119E+02     502    0 1013  6.2216E+01 199.281  0.0000E+00  1.5256E-06 
 8  5.0119E+02     502    0 1013  6.2216E+01 199.281  0.0000E+00  5.4135E-07 
 8  1.0000E+00     502    0 1014  6.2403E+01 198.683  0.0000E+00  1.5098E-05 
 8  1.9953E+00     502    0 1014  6.2403E+01 198.683  0.0000E+00  6.0338E-06 
 8  3.9811E+00     502    0 1014  6.2403E+01 198.683  0.0000E+00  2.2736E-06 
 8  7.9433E+00     502    0 1014  6.2403E+01 198.683  0.0000E+00  8.3169E-07 
 8  1.5849E+01     502    0 1014  6.2403E+01 198.683  0.0000E+00  2.9971E-07 
 8  3.1623E+01     502    0 1014  6.2403E+01 198.683  0.0000E+00  1.0720E-07 
 8  6.3096E+01     502    0 1014  6.2403E+01 198.683  0.0000E+00  3.8197E-08 
 8  1.2589E+02     502    0 1014  6.2403E+01 198.683  0.0000E+00  1.3583E-08 
 8  2.5119E+02     502    0 1014  6.2403E+01 198.683  0.0000E+00  4.8248E-09 
 8  5.0119E+02     502    0 1014  6.2403E+01 198.683  0.0000E+00  1.7129E-09 
 8  1.0000E+00     502    0 1017  6.2322E+01 198.941  0.0000E+00  2.8919E-03 
 8  1.9953E+00     502    0 1017  6.2322E+01 198.941  0.0000E+00  1.1093E-03 
 8  3.9811E+00     502    0 1017  6.2322E+01 198.941  0.0000E+00  4.0932E-04 
 8  7.9433E+00     502    0 1017  6.2322E+01 198.941  0.0000E+00  1.4812E-04 
 8  1.5849E+01     502    0 1017  6.2322E+01 198.941  0.0000E+00  5.3078E-05 
 8  3.1623E+01     502    0 1017  6.2322E+01 198.941  0.0000E+00  1.8927E-05 
 8  6.3096E+01     502    0 1017  6.2322E+01 198.941  0.0000E+00  6.7326E-06 
 8  1.2589E+02     502    0 1017  6.2322E+01 198.941  0.0000E+00  2.3919E-06 
 8  2.5119E+02     502    0 1017  6.2322E+01 198.941  0.0000E+00  8.4921E-07 
 8  5.0119E+02     502    0 1017  6.2322E+01 198.941  0.0000E+00  3.0141E-07 
 8  1.0000E+00     502    0 1020  6.4823E+01 191.265  0.0000E+00  1.3625E-04 
 8  1.9953E+00     502    0 1020  6.4823E+01 191.265  0.0000E+00  1.8227E-04 
 8  3.9811E+00     502    0 1020  6.4823E+01 191.265  0.0000E+00  1.2586E-04 
 8  7.9433E+00     502    0 1020  6.4823E+01 191.265  0.0000E+00  6.2367E-05 
 8  1.5849E+01     502    0 1020  6.4823E+01 191.265  0.0000E+00  2.6167E-05 
 8  3.1623E+01     502    0 1020  6.4823E+01 191.265  0.0000E+00  1.0100E-05 
 8  6.3096E+01     502    0 1020  6.4823E+01 191.265  0.0000E+00  3.7387E-06 
 8  1.2589E+02     502    0 1020  6.4823E+01 191.265  0.0000E+00  1.3551E-06 
 8  2.5119E+02     502    0 1020  6.4823E+01 191.265  0.0000E+00  4.8597E-07 
 8  5.0119E+02     502    0 1020  6.4823E+01 191.265  0.0000E+00  1.7335E-07 
 8  1.0000E+00     502    0 1022  6.4872E+01 191.121  0.0000E+00  5.1549E-04 
 8  1.9953E+00     502    0 1022  6.4872E+01 191.121  0.0000E+00  7.0552E-04 
 8  3.9811E+00     502    0 1022  6.4872E+01 191.121  0.0000E+00  4.9243E-04 
 8  7.9433E+00     502    0 1022  6.4872E+01 191.121  0.0000E+00  2.4525E-04 
 8  1.5849E+01     502    0 1022  6.4872E+01 191.121  0.0000E+00  1.0314E-04 
 8  3.1623E+01     502    0 1022  6.4872E+01 191.121  0.0000E+00  3.9849E-05 
 8  6.3096E+01     502    0 1022  6.4872E+01 191.121  0.0000E+00  1.4756E-05 
 8  1.2589E+02     502    0 1022  6.4872E+01 191.121  0.0000E+00  5.3487E-06 
 8  2.5119E+02     502    0 1022  6.4872E+01 191.121  0.0000E+00  1.9183E-06 
 8  5.0119E+02     502    0 1022  6.4872E+01 191.121  0.0000E+00  6.8429E-07 
 8  1.0000E+00     502    1  848  6.3073E+01 196.574  0.0000E+00  2.4179E-05 
 8  1.9953E+00     502    1  848  6.3073E+01 196.574  0.0000E+00  1.4082E-05 
 8  3.9811E+00     502    1  848  6.3073E+01 196.574  0.0000E+00  6.4173E-06 
 8  7.9433E+00     502    1  848  6.3073E+01 196.574  0.0000E+00  2.6182E-06 
 8  1.5849E+01     502    1  848  6.3073E+01 196.574  0.0000E+00  1.0758E-06 
 8  3.1623E+01     502    1  848  6.3073E+01 196.574  0.0000E+00  4.5707E-07 
 8  6.3096E+01     502    1  848  6.3073E+01 196.574  0.0000E+00  1.8827E-07 
 8  1.2589E+02     502    1  848  6.3073E+01 196.574  0.0000E+00  7.3435E-08 
 8  2.5119E+02     502    1  848  6.3073E+01 196.574  0.0000E+00  2.7474E-08 
 8  5.0119E+02     502    1  848  6.3073E+01 196.574  0.0000E+00  1.0025E-08 
 8  1.0000E+00     502    1  955  6.2194E+01 199.352  0.0000E+00  1.3822E-03 
 8  1.9953E+00     502    1  955  6.2194E+01 199.352  0.0000E+00  5.1805E-04 
 8  3.9811E+00     502    1  955  6.2194E+01 199.352  0.0000E+00  1.8904E-04 
 8  7.9433E+00     502    1  955  6.2194E+01 199.352  0.0000E+00  6.8048E-05 
 8  1.5849E+01     502    1  955  6.2194E+01 199.352  0.0000E+00  2.4325E-05 
 8  3.1623E+01     502    1  955  6.2194E+01 199.352  0.0000E+00  8.6645E-06 
 8  6.3096E+01     502    1  955  6.2194E+01 199.352  0.0000E+00  3.0807E-06 
 8  1.2589E+02     502    1  955  6.2194E+01 199.352  0.0000E+00  1.0943E-06 
 8  2.5119E+02     502    1  955  6.2194E+01 199.352  0.0000E+00  3.8848E-07 
 8  5.0119E+02     502    1  955  6.2194E+01 199.352  0.0000E+00  1.3788E-07 
 8  1.0000E+00     502    1  960  6.2139E+01 199.527  0.0000E+00  1.1943E-03 
 8  1.9953E+00     502    1  960  6.2139E+01 199.527  0.0000E+00  4.3529E-04 
 8  3.9811E+00     502    1  960  6.2139E+01 199.527  0.0000E+00  1.5654E-04 
 8  7.9433E+00     502    1  960  6.2139E+01 199.527  0.0000E+00  5.5920E-05 
 8  1.5849E+01     502    1  960  6.2139E+01 199.527  0.0000E+00  1.9909E-05 
 8  3.1623E+01     502    1  960  6.2139E+01 199.527  0.0000E+00  7.0758E-06 
 8  6.3096E+01     502    1  960  6.2139E+01 199.527  0.0000E+00  2.5127E-06 
 8  1.2589E+02     502    1  960  6.2139E+01 199.527  0.0000E+00  8.9193E-07 
 8  2.5119E+02     502    1  960  6.2139E+01 199.527  0.0000E+00  3.1654E-07 
 8  5.0119E+02     502    1  960  6.2139E+01 199.527  0.0000E+00  1.1232E-07 
 8  1.0000E+00     502    1  963  6.4792E+01 191.358  0.0000E+00  1.3657E-04 
 8  1.9953E+00     502    1  963  6.4792E+01 191.358  0.0000E+00  1.8694E-04 
 8  3.9811E+00     502    1  963  6.4792E+01 191.358  0.0000E+00  1.3049E-04 
 8  7.9433E+00     502    1  963  6.4792E+01 191.358  0.0000E+00  6.4993E-05 
 8  1.5849E+01     502    1  963  6.4792E+01 191.358  0.0000E+00  2.7333E-05 
 8  3.1623E+01     502    1  963  6.4792E+01 191.358  0.0000E+00  1.0560E-05 
 8  6.3096E+01     502    1  963  6.4792E+01 191.358  0.0000E+00  3.9104E-06 
 8  1.2589E+02     502    1  963  6.4792E+01 191.358  0.0000E+00  1.4175E-06 
 8  2.5119E+02     502    1  963  6.4792E+01 191.358  0.0000E+00  5.0836E-07 
 8  5.0119E+02     502    1  963  6.4792E+01 191.358  0.0000E+00  1.8135E-07 
 8  1.0000E+00     502    1  966  6.4741E+01 191.509  0.0000E+00  3.3994E-05 
 8  1.9953E+00     502    1  966  6.4741E+01 191.509  0.0000E+00  4.5547E-05 
 8  3.9811E+00     502    1  966  6.4741E+01 191.509  0.0000E+00  3.1512E-05 
 8  7.9433E+00     502    1  966  6.4741E+01 191.509  0.0000E+00  1.5639E-05 
 8  1.5849E+01     502    1  966  6.4741E+01 191.509  0.0000E+00  6.5684E-06 
 8  3.1623E+01     502    1  966  6.4741E+01 191.509  0.0000E+00  2.5372E-06 
 8  6.3096E+01     502    1  966  6.4741E+01 191.509  0.0000E+00  9.3967E-07 
 8  1.2589E+02     502    1  966  6.4741E+01 191.509  0.0000E+00  3.4069E-07 
 8  2.5119E+02     502    1  966  6.4741E+01 191.509  0.0000E+00  1.2220E-07 
 8  5.0119E+02     502    1  966  6.4741E+01 191.509  0.0000E+00  4.3596E-08 
 8  1.0000E+00     502    1 1010  6.2151E+01 199.488  0.0000E+00  2.5790E-05 
 8  1.9953E+00     502    1 1010  6.2151E+01 199.488  0.0000E+00  9.4860E-06 
 8  3.9811E+00     502    1 1010  6.2151E+01 199.488  0.0000E+00  3.4360E-06 
 8  7.9433E+00     502    1 1010  6.2151E+01 199.488  0.0000E+00  1.2338E-06 
 8  1.5849E+01     502    1 1010  6.2151E+01 199.488  0.0000E+00  4.4073E-07 
 8  3.1623E+01     502    1 1010  6.2151E+01 199.488  0.0000E+00  1.5696E-07 
 8  6.3096E+01     502    1 1010  6.2151E+01 199.488  0.0000E+00  5.5808E-08 
 8  1.2589E+02     502    1 1010  6.2151E+01 199.488  0.0000E+00  1.9823E-08 
 8  2.5119E+02     502    1 1010  6.2151E+01 199.488  0.0000E+00  7.0377E-09 
 8  5.0119E+02     502    1 1010  6.2151E+01 199.488  0.0000E+00  2.4978E-09 
 8  1.0000E+00     502    1 1017  6.2241E+01 199.199  0.0000E+00  7.5382E-04 
 8  1.9953E+00     502    1 1017  6.2241E+01 199.199  0.0000E+00  2.8916E-04 
 8  3.9811E+00     502    1 1017  6.2241E+01 199.199  0.0000E+00  1.0670E-04 
 8  7.9433E+00     502    1 1017  6.2241E+01 199.199  0.0000E+00  3.8610E-05 
 8  1.5849E+01     502    1 1017  6.2241E+01 199.199  0.0000E+00  1.3835E-05 
 8  3.1623E+01     502    1 1017  6.2241E+01 199.199  0.0000E+00  4.9336E-06 
 8  6.3096E+01     502    1 1017  6.2241E+01 199.199  0.0000E+00  1.7549E-06 
 8  1.2589E+02     502    1 1017  6.2241E+01 199.199  0.0000E+00  6.2347E-07 
 8  2.5119E+02     502    1 1017  6.2241E+01 199.199  0.0000E+00  2.2136E-07 
 8  5.0119E+02     502    1 1017  6.2241E+01 199.199  0.0000E+00  7.8567E-08 
 8  1.0000E+00     502    2  847  6.3064E+01 196.600  0.0000E+00  1.1544E-05 
 8  1.9953E+00     502    2  847  6.3064E+01 196.600  0.0000E+00  6.8260E-06 
 8  3.9811E+00     502    2  847  6.3064E+01 196.600  0.0000E+00  3.1618E-06 
 8  7.9433E+00     502    2  847  6.3064E+01 196.600  0.0000E+00  1.3291E-06 
 8  1.5849E+01     502    2  847  6.3064E+01 196.600  0.0000E+00  6.0240E-07 
 8  3.1623E+01     502    2  847  6.3064E+01 196.600  0.0000E+00  2.9158E-07 
 8  6.3096E+01     502    2  847  6.3064E+01 196.600  0.0000E+00  1.3138E-07 
 8  1.2589E+02     502    2  847  6.3064E+01 196.600  0.0000E+00  5.3797E-08 
 8  2.5119E+02     502    2  847  6.3064E+01 196.600  0.0000E+00  2.0630E-08 
 8  5.0119E+02     502    2  847  6.3064E+01 196.600  0.0000E+00  7.6214E-09 
 8  1.0000E+00     502    2  848  6.3064E+01 196.599  0.0000E+00  1.5066E-05 
 8  1.9953E+00     502    2  848  6.3064E+01 196.599  0.0000E+00  8.7747E-06 
 8  3.9811E+00     502    2  848  6.3064E+01 196.599  0.0000E+00  3.9987E-06 
 8  7.9433E+00     502    2  848  6.3064E+01 196.599  0.0000E+00  1.6314E-06 
 8  1.5849E+01     502    2  848  6.3064E+01 196.599  0.0000E+00  6.7033E-07 
 8  3.1623E+01     502    2  848  6.3064E+01 196.599  0.0000E+00  2.8480E-07 
 8  6.3096E+01     502    2  848  6.3064E+01 196.599  0.0000E+00  1.1731E-07 
 8  1.2589E+02     502    2  848  6.3064E+01 196.599  0.0000E+00  4.5758E-08 
 8  2.5119E+02     502    2  848  6.3064E+01 196.599  0.0000E+00  1.7119E-08 
 8  5.0119E+02     502    2  848  6.3064E+01 196.599  0.0000E+00  6.2467E-09 
 8  1.0000E+00     502    2  850  6.3065E+01 196.598  0.0000E+00  3.3980E-05 
 8  1.9953E+00     502    2  850  6.3065E+01 196.598  0.0000E+00  1.9771E-05 
 8  3.9811E+00     502    2  850  6.3065E+01 196.598  0.0000E+00  8.9975E-06 
 8  7.9433E+00     502    2  850  6.3065E+01 196.598  0.0000E+00  3.6463E-06 
 8  1.5849E+01     502    2  850  6.3065E+01 196.598  0.0000E+00  1.4472E-06 
 8  3.1623E+01     502    2  850  6.3065E+01 196.598  0.0000E+00  5.8084E-07 
 8  6.3096E+01     502    2  850  6.3065E+01 196.598  0.0000E+00  2.2834E-07 
 8  1.2589E+02     502    2  850  6.3065E+01 196.598  0.0000E+00  8.6588E-08 
 8  2.5119E+02     502    2  850  6.3065E+01 196.598  0.0000E+00  3.1905E-08 
 8  5.0119E+02     502    2  850  6.3065E+01 196.598  0.0000E+00  1.1551E-08 
 8  1.0000E+00     502    2  955  6.2186E+01 199.378  0.0000E+00  8.6572E-04 
 8  1.9953E+00     502    2  955  6.2186E+01 199.378  0.0000E+00  3.2448E-04 
 8  3.9811E+00     502    2  955  6.2186E+01 199.378  0.0000E+00  1.1841E-04 
 8  7.9433E+00     502    2  955  6.2186E+01 199.378  0.0000E+00  4.2622E-05 
 8  1.5849E+01     502    2  955  6.2186E+01 199.378  0.0000E+00  1.5236E-05 
 8  3.1623E+01     502    2  955  6.2186E+01 199.378  0.0000E+00  5.4271E-06 
 8  6.3096E+01     502    2  955  6.2186E+01 199.378  0.0000E+00  1.9296E-06 
 8  1.2589E+02     502    2  955  6.2186E+01 199.378  0.0000E+00  6.8540E-07 
 8  2.5119E+02     502    2  955  6.2186E+01 199.378  0.0000E+00  2.4332E-07 
 8  5.0119E+02     502    2  955  6.2186E+01 199.378  0.0000E+00  8.6360E-08 
 8  1.0000E+00     502    2  956  6.2128E+01 199.562  0.0000E+00  2.8388E-03 
 8  1.9953E+00     502    2  956  6.2128E+01 199.562  0.0000E+00  1.0333E-03 
 8  3.9811E+00     502    2  956  6.2128E+01 199.562  0.0000E+00  3.7137E-04 
 8  7.9433E+00     502    2  956  6.2128E+01 199.562  0.0000E+00  1.3262E-04 
 8  1.5849E+01     502    2  956  6.2128E+01 199.562  0.0000E+00  4.7206E-05 
 8  3.1623E+01     502    2  956  6.2128E+01 199.562  0.0000E+00  1.6776E-05 
 8  6.3096E+01     502    2  956  6.2128E+01 199.562  0.0000E+00  5.9573E-06 
 8  1.2589E+02     502    2  956  6.2128E+01 199.562  0.0000E+00  2.1146E-06 
 8  2.5119E+02     502    2  956  6.2128E+01 199.562  0.0000E+00  7.5043E-07 
 8  5.0119E+02     502    2  956  6.2128E+01 199.562  0.0000E+00  2.6629E-07 
 8  1.0000E+00     502    2  959  6.2187E+01 199.372  0.0000E+00  1.1002E-04 
 8  1.9953E+00     502    2  959  6.2187E+01 199.372  0.0000E+00  4.7236E-05 
 8  3.9811E+00     502    2  959  6.2187E+01 199.372  0.0000E+00  2.0189E-05 
 8  7.9433E+00     502    2  959  6.2187E+01 199.372  0.0000E+00  8.2217E-06 
 8  1.5849E+01     502    2  959  6.2187E+01 199.372  0.0000E+00  3.1967E-06 
 8  3.1623E+01     502    2  959  6.2187E+01 199.372  0.0000E+00  1.2094E-06 
 8  6.3096E+01     502    2  959  6.2187E+01 199.372  0.0000E+00  4.4831E-07 
 8  1.2589E+02     502    2  959  6.2187E+01 199.372  0.0000E+00  1.6338E-07 
 8  2.5119E+02     502    2  959  6.2187E+01 199.372  0.0000E+00  5.8848E-08 
 8  5.0119E+02     502    2  959  6.2187E+01 199.372  0.0000E+00  2.1047E-08 
 8  1.0000E+00     502    2  960  6.2131E+01 199.553  0.0000E+00  9.8727E-04 
 8  1.9953E+00     502    2  960  6.2131E+01 199.553  0.0000E+00  3.5984E-04 
 8  3.9811E+00     502    2  960  6.2131E+01 199.553  0.0000E+00  1.2941E-04 
 8  7.9433E+00     502    2  960  6.2131E+01 199.553  0.0000E+00  4.6228E-05 
 8  1.5849E+01     502    2  960  6.2131E+01 199.553  0.0000E+00  1.6458E-05 
 8  3.1623E+01     502    2  960  6.2131E+01 199.553  0.0000E+00  5.8494E-06 
 8  6.3096E+01     502    2  960  6.2131E+01 199.553  0.0000E+00  2.0772E-06 
 8  1.2589E+02     502    2  960  6.2131E+01 199.553  0.0000E+00  7.3733E-07 
 8  2.5119E+02     502    2  960  6.2131E+01 199.553  0.0000E+00  2.6167E-07 
 8  5.0119E+02     502    2  960  6.2131E+01 199.553  0.0000E+00  9.2854E-08 
 8  1.0000E+00     502    2  963  6.4784E+01 191.382  0.0000E+00  9.9621E-05 
 8  1.9953E+00     502    2  963  6.4784E+01 191.382  0.0000E+00  1.3636E-04 
 8  3.9811E+00     502    2  963  6.4784E+01 191.382  0.0000E+00  9.5186E-05 
 8  7.9433E+00     502    2  963  6.4784E+01 191.382  0.0000E+00  4.7409E-05 
 8  1.5849E+01     502    2  963  6.4784E+01 191.382  0.0000E+00  1.9938E-05 
 8  3.1623E+01     502    2  963  6.4784E+01 191.382  0.0000E+00  7.7032E-06 
 8  6.3096E+01     502    2  963  6.4784E+01 191.382  0.0000E+00  2.8524E-06 
 8  1.2589E+02     502    2  963  6.4784E+01 191.382  0.0000E+00  1.0340E-06 
 8  2.5119E+02     502    2  963  6.4784E+01 191.382  0.0000E+00  3.7082E-07 
 8  5.0119E+02     502    2  963  6.4784E+01 191.382  0.0000E+00  1.3228E-07 
 8  1.0000E+00     502    2  965  6.4731E+01 191.537  0.0000E+00  2.1252E-05 
 8  1.9953E+00     502    2  965  6.4731E+01 191.537  0.0000E+00  2.8541E-05 
 8  3.9811E+00     502    2  965  6.4731E+01 191.537  0.0000E+00  1.9797E-05 
 8  7.9433E+00     502    2  965  6.4731E+01 191.537  0.0000E+00  9.8451E-06 
 8  1.5849E+01     502    2  965  6.4731E+01 191.537  0.0000E+00  4.1398E-06 
 8  3.1623E+01     502    2  965  6.4731E+01 191.537  0.0000E+00  1.5998E-06 
 8  6.3096E+01     502    2  965  6.4731E+01 191.537  0.0000E+00  5.9251E-07 
 8  1.2589E+02     502    2  965  6.4731E+01 191.537  0.0000E+00  2.1481E-07 
 8  2.5119E+02     502    2  965  6.4731E+01 191.537  0.0000E+00  7.7046E-08 
 8  5.0119E+02     502    2  965  6.4731E+01 191.537  0.0000E+00  2.7486E-08 
 8  1.0000E+00     502    2  966  6.4732E+01 191.533  0.0000E+00  2.7478E-05 
 8  1.9953E+00     502    2  966  6.4732E+01 191.533  0.0000E+00  3.6816E-05 
 8  3.9811E+00     502    2  966  6.4732E+01 191.533  0.0000E+00  2.5472E-05 
 8  7.9433E+00     502    2  966  6.4732E+01 191.533  0.0000E+00  1.2641E-05 
 8  1.5849E+01     502    2  966  6.4732E+01 191.533  0.0000E+00  5.3093E-06 
 8  3.1623E+01     502    2  966  6.4732E+01 191.533  0.0000E+00  2.0509E-06 
 8  6.3096E+01     502    2  966  6.4732E+01 191.533  0.0000E+00  7.5956E-07 
 8  1.2589E+02     502    2  966  6.4732E+01 191.533  0.0000E+00  2.7539E-07 
 8  2.5119E+02     502    2  966  6.4732E+01 191.533  0.0000E+00  9.8777E-08 
 8  5.0119E+02     502    2  966  6.4732E+01 191.533  0.0000E+00  3.5239E-08 
 8  1.0000E+00     502    2  967  6.4784E+01 191.381  0.0000E+00  2.9089E-04 
 8  1.9953E+00     502    2  967  6.4784E+01 191.381  0.0000E+00  3.9824E-04 
 8  3.9811E+00     502    2  967  6.4784E+01 191.381  0.0000E+00  2.7800E-04 
 8  7.9433E+00     502    2  967  6.4784E+01 191.381  0.0000E+00  1.3847E-04 
 8  1.5849E+01     502    2  967  6.4784E+01 191.381  0.0000E+00  5.8234E-05 
 8  3.1623E+01     502    2  967  6.4784E+01 191.381  0.0000E+00  2.2500E-05 
 8  6.3096E+01     502    2  967  6.4784E+01 191.381  0.0000E+00  8.3314E-06 
 8  1.2589E+02     502    2  967  6.4784E+01 191.381  0.0000E+00  3.0200E-06 
 8  2.5119E+02     502    2  967  6.4784E+01 191.381  0.0000E+00  1.0831E-06 
 8  5.0119E+02     502    2  967  6.4784E+01 191.381  0.0000E+00  3.8637E-07 
 8  1.0000E+00     502    2 1010  6.2143E+01 199.514  0.0000E+00  1.7330E-05 
 8  1.9953E+00     502    2 1010  6.2143E+01 199.514  0.0000E+00  6.3744E-06 
 8  3.9811E+00     502    2 1010  6.2143E+01 199.514  0.0000E+00  2.3089E-06 
 8  7.9433E+00     502    2 1010  6.2143E+01 199.514  0.0000E+00  8.2910E-07 
 8  1.5849E+01     502    2 1010  6.2143E+01 199.514  0.0000E+00  2.9616E-07 
 8  3.1623E+01     502    2 1010  6.2143E+01 199.514  0.0000E+00  1.0548E-07 
 8  6.3096E+01     502    2 1010  6.2143E+01 199.514  0.0000E+00  3.7502E-08 
 8  1.2589E+02     502    2 1010  6.2143E+01 199.514  0.0000E+00  1.3321E-08 
 8  2.5119E+02     502    2 1010  6.2143E+01 199.514  0.0000E+00  4.7292E-09 
 8  5.0119E+02     502    2 1010  6.2143E+01 199.514  0.0000E+00  1.6785E-09 
 8  1.0000E+00     502    2 1011  6.2182E+01 199.390  0.0000E+00  1.7747E-03 
 8  1.9953E+00     502    2 1011  6.2182E+01 199.390  0.0000E+00  6.6460E-04 
 8  3.9811E+00     502    2 1011  6.2182E+01 199.390  0.0000E+00  2.4263E-04 
 8  7.9433E+00     502    2 1011  6.2182E+01 199.390  0.0000E+00  8.7409E-05 
 8  1.5849E+01     502    2 1011  6.2182E+01 199.390  0.0000E+00  3.1271E-05 
 8  3.1623E+01     502    2 1011  6.2182E+01 199.390  0.0000E+00  1.1149E-05 
 8  6.3096E+01     502    2 1011  6.2182E+01 199.390  0.0000E+00  3.9669E-06 
 8  1.2589E+02     502    2 1011  6.2182E+01 199.390  0.0000E+00  1.4098E-06 
 8  2.5119E+02     502    2 1011  6.2182E+01 199.390  0.0000E+00  5.0065E-07 
 8  5.0119E+02     502    2 1011  6.2182E+01 199.390  0.0000E+00  1.7772E-07 
 8  1.0000E+00     502    2 1017  6.2233E+01 199.225  0.0000E+00  2.0332E-03 
 8  1.9953E+00     502    2 1017  6.2233E+01 199.225  0.0000E+00  7.7991E-04 
 8  3.9811E+00     502    2 1017  6.2233E+01 199.225  0.0000E+00  2.8778E-04 
 8  7.9433E+00     502    2 1017  6.2233E+01 199.225  0.0000E+00  1.0414E-04 
 8  1.5849E+01     502    2 1017  6.2233E+01 199.225  0.0000E+00  3.7317E-05 
 8  3.1623E+01     502    2 1017  6.2233E+01 199.225  0.0000E+00  1.3307E-05 
 8  6.3096E+01     502    2 1017  6.2233E+01 199.225  0.0000E+00  4.7334E-06 
 8  1.2589E+02     502    2 1017  6.2233E+01 199.225  0.0000E+00  1.6816E-06 
 8  2.5119E+02     502    2 1017  6.2233E+01 199.225  0.0000E+00  5.9705E-07 
 8  5.0119E+02     502    2 1017  6.2233E+01 199.225  0.0000E+00  2.1191E-07 
 8  1.0000E+00     502    2 1020  6.4735E+01 191.527  0.0000E+00  4.2560E-05 
 8  1.9953E+00     502    2 1020  6.4735E+01 191.527  0.0000E+00  5.6936E-05 
 8  3.9811E+00     502    2 1020  6.4735E+01 191.527  0.0000E+00  3.9315E-05 
 8  7.9433E+00     502    2 1020  6.4735E+01 191.527  0.0000E+00  1.9482E-05 
 8  1.5849E+01     502    2 1020  6.4735E+01 191.527  0.0000E+00  8.1739E-06 
 8  3.1623E+01     502    2 1020  6.4735E+01 191.527  0.0000E+00  3.1550E-06 
 8  6.3096E+01     502    2 1020  6.4735E+01 191.527  0.0000E+00  1.1679E-06 
 8  1.2589E+02     502    2 1020  6.4735E+01 191.527  0.0000E+00  4.2329E-07 
 8  2.5119E+02     502    2 1020  6.4735E+01 191.527  0.0000E+00  1.5180E-07 
 8  5.0119E+02     502    2 1020  6.4735E+01 191.527  0.0000E+00  5.4151E-08 
 8  1.0000E+00     502    3  969  6.1393E+01 201.951  0.0000E+00  5.3154E-04 
 8  1.9953E+00     502    3  969  6.1393E+01 201.951  0.0000E+00  7.4835E-04 
 8  3.9811E+00     502    3  969  6.1393E+01 201.951  0.0000E+00  5.2988E-04 
 8  7.9433E+00     502    3  969  6.1393E+01 201.951  0.0000E+00  2.6584E-04 
 8  1.5849E+01     502    3  969  6.1393E+01 201.951  0.0000E+00  1.1222E-04 
 8  3.1623E+01     502    3  969  6.1393E+01 201.951  0.0000E+00  4.3450E-05 
 8  6.3096E+01     502    3  969  6.1393E+01 201.951  0.0000E+00  1.6108E-05 
 8  1.2589E+02     502    3  969  6.1393E+01 201.951  0.0000E+00  5.8428E-06 
 8  2.5119E+02     502    3  969  6.1393E+01 201.951  0.0000E+00  2.0962E-06 
 8  5.0119E+02     502    3  969  6.1393E+01 201.951  0.0000E+00  7.4789E-07 
 8  1.0000E+00     502    3 1019  6.1515E+01 201.553  0.0000E+00  6.9347E-06 
 8  1.9953E+00     502    3 1019  6.1515E+01 201.553  0.0000E+00  1.0373E-05 
 8  3.9811E+00     502    3 1019  6.1515E+01 201.553  0.0000E+00  7.5712E-06 
 8  7.9433E+00     502    3 1019  6.1515E+01 201.553  0.0000E+00  3.8567E-06 
 8  1.5849E+01     502    3 1019  6.1515E+01 201.553  0.0000E+00  1.6404E-06 
 8  3.1623E+01     502    3 1019  6.1515E+01 201.553  0.0000E+00  6.3738E-07 
 8  6.3096E+01     502    3 1019  6.1515E+01 201.553  0.0000E+00  2.3669E-07 
 8  1.2589E+02     502    3 1019  6.1515E+01 201.553  0.0000E+00  8.5921E-08 
 8  2.5119E+02     502    3 1019  6.1515E+01 201.553  0.0000E+00  3.0837E-08 
 8  5.0119E+02     502    3 1019  6.1515E+01 201.553  0.0000E+00  1.1004E-08 
 8  1.0000E+00     502    3 1021  6.1305E+01 202.243  0.0000E+00  1.2583E-04 
 8  1.9953E+00     502    3 1021  6.1305E+01 202.243  0.0000E+00  1.6943E-04 
 8  3.9811E+00     502    3 1021  6.1305E+01 202.243  0.0000E+00  1.1730E-04 
 8  7.9433E+00     502    3 1021  6.1305E+01 202.243  0.0000E+00  5.8180E-05 
 8  1.5849E+01     502    3 1021  6.1305E+01 202.243  0.0000E+00  2.4417E-05 
 8  3.1623E+01     502    3 1021  6.1305E+01 202.243  0.0000E+00  9.4243E-06 
 8  6.3096E+01     502    3 1021  6.1305E+01 202.243  0.0000E+00  3.4880E-06 
 8  1.2589E+02     502    3 1021  6.1305E+01 202.243  0.0000E+00  1.2640E-06 
 8  2.5119E+02     502    3 1021  6.1305E+01 202.243  0.0000E+00  4.5327E-07 
 8  5.0119E+02     502    3 1021  6.1305E+01 202.243  0.0000E+00  1.6168E-07 
